248.000 0.040
248.050 0.041
248.099 0.041
248.149 0.041
248.199 0.041
248.248 0.042
248.298 0.042
248.348 0.042
248.397 0.043
248.447 0.043
248.497 0.043
248.547 0.043
248.597 0.044
248.646 0.044
248.696 0.044
248.746 0.045
248.796 0.045
248.846 0.045
248.896 0.045
248.946 0.046
248.996 0.046
249.046 0.046
249.096 0.047
249.146 0.047
249.196 0.047
249.246 0.047
249.296 0.048
249.346 0.048
249.397 0.048
249.447 0.049
249.497 0.049
249.547 0.049
249.597 0.050
249.648 0.050
249.698 0.050
249.748 0.051
249.799 0.051
249.849 0.051
249.899 0.052
249.950 0.052
250.000 0.052
250.050 0.052
250.101 0.053
250.151 0.053
250.202 0.053
250.252 0.054
250.303 0.054
250.353 0.054
250.404 0.055
250.454 0.055
250.505 0.055
250.556 0.056
250.606 0.056
250.657 0.057
250.708 0.057
250.758 0.057
250.809 0.058
250.860 0.058
250.911 0.058
250.961 0.059
251.012 0.059
251.063 0.059
251.114 0.060
251.165 0.060
251.216 0.060
251.266 0.061
251.317 0.061
251.368 0.062
251.419 0.062
251.470 0.062
251.521 0.063
251.572 0.063
251.623 0.063
251.674 0.064
251.726 0.064
251.777 0.065
251.828 0.065
251.879 0.065
251.930 0.066
251.981 0.066
252.033 0.067
252.084 0.067
252.135 0.067
252.186 0.068
252.238 0.068
252.289 0.068
252.340 0.069
252.392 0.069
252.443 0.070
252.494 0.070
252.546 0.071
252.597 0.071
252.649 0.071
252.700 0.072
252.752 0.072
252.803 0.073
252.855 0.073
252.906 0.073
252.958 0.074
253.010 0.074
253.061 0.075
253.113 0.075
253.165 0.076
253.216 0.076
253.268 0.076
253.320 0.077
253.371 0.077
253.423 0.078
253.475 0.078
253.527 0.079
253.579 0.079
253.631 0.080
253.682 0.080
253.734 0.080
253.786 0.081
253.838 0.081
253.890 0.082
253.942 0.082
253.994 0.083
254.046 0.083
254.098 0.084
254.150 0.084
254.203 0.085
254.255 0.085
254.307 0.086
254.359 0.086
254.411 0.087
254.463 0.087
254.516 0.088
254.568 0.088
254.620 0.089
254.672 0.089
254.725 0.089
254.777 0.090
254.829 0.090
254.882 0.091
254.934 0.091
254.987 0.092
255.039 0.092
255.092 0.093
255.144 0.094
255.197 0.094
255.249 0.095
255.302 0.095
255.354 0.096
255.407 0.096
255.459 0.097
255.512 0.097
255.565 0.098
255.617 0.098
255.670 0.099
255.723 0.099
255.776 0.100
255.828 0.100
255.881 0.101
255.934 0.101
255.987 0.102
256.040 0.102
256.093 0.103
256.145 0.104
256.198 0.104
256.251 0.105
256.304 0.105
256.357 0.106
256.410 0.106
256.463 0.107
256.516 0.107
256.569 0.108
256.623 0.109
256.676 0.109
256.729 0.110
256.782 0.110
256.835 0.111
256.888 0.111
256.942 0.112
256.995 0.113
257.048 0.113
257.101 0.114
257.155 0.114
257.208 0.115
257.261 0.116
257.315 0.116
257.368 0.117
257.422 0.117
257.475 0.118
257.529 0.119
257.582 0.119
257.636 0.120
257.689 0.120
257.743 0.121
257.796 0.122
257.850 0.122
257.903 0.123
257.957 0.123
258.011 0.124
258.065 0.125
258.118 0.125
258.172 0.126
258.226 0.127
258.280 0.127
258.333 0.128
258.387 0.129
258.441 0.129
258.495 0.130
258.549 0.130
258.603 0.131
258.657 0.132
258.711 0.132
258.765 0.133
258.819 0.134
258.873 0.134
258.927 0.135
258.981 0.136
259.035 0.136
259.089 0.137
259.143 0.138
259.197 0.138
259.252 0.139
259.306 0.140
259.360 0.140
259.414 0.141
259.469 0.142
259.523 0.143
259.577 0.143
259.631 0.144
259.686 0.145
259.740 0.145
259.795 0.146
259.849 0.147
259.904 0.147
259.958 0.148
260.013 0.149
260.067 0.150
260.122 0.150
260.176 0.151
260.231 0.152
260.285 0.152
260.340 0.153
260.395 0.154
260.449 0.155
260.504 0.155
260.559 0.156
260.614 0.157
260.668 0.158
260.723 0.158
260.778 0.159
260.833 0.160
260.888 0.161
260.943 0.161
260.998 0.162
261.053 0.163
261.108 0.164
261.163 0.164
261.218 0.165
261.273 0.166
261.328 0.167
261.383 0.167
261.438 0.168
261.493 0.169
261.548 0.170
261.603 0.170
261.659 0.171
261.714 0.172
261.769 0.173
261.824 0.174
261.880 0.174
261.935 0.175
261.990 0.176
262.046 0.177
262.101 0.178
262.156 0.178
262.212 0.179
262.267 0.180
262.323 0.181
262.378 0.182
262.434 0.182
262.489 0.183
262.545 0.184
262.601 0.185
262.656 0.186
262.712 0.187
262.768 0.187
262.823 0.188
262.879 0.189
262.935 0.190
262.990 0.191
263.046 0.192
263.102 0.192
263.158 0.193
263.214 0.194
263.270 0.195
263.326 0.196
263.381 0.197
263.437 0.197
263.493 0.198
263.549 0.199
263.605 0.200
263.661 0.201
263.718 0.202
263.774 0.203
263.830 0.204
263.886 0.204
263.942 0.205
263.998 0.206
264.055 0.207
264.111 0.208
264.167 0.209
264.223 0.210
264.280 0.211
264.336 0.211
264.392 0.212
264.449 0.213
264.505 0.214
264.562 0.215
264.618 0.216
264.674 0.217
264.731 0.218
264.788 0.219
264.844 0.220
264.901 0.221
264.957 0.221
265.014 0.222
265.071 0.223
265.127 0.224
265.184 0.225
265.241 0.226
265.297 0.227
265.354 0.228
265.411 0.229
265.468 0.230
265.525 0.231
265.581 0.232
265.638 0.233
265.695 0.234
265.752 0.235
265.809 0.236
265.866 0.237
265.923 0.237
265.980 0.238
266.037 0.239
266.094 0.240
266.152 0.241
266.209 0.242
266.266 0.243
266.323 0.244
266.380 0.245
266.437 0.246
266.495 0.247
266.552 0.248
266.609 0.249
266.667 0.250
266.724 0.251
266.781 0.252
266.839 0.253
266.896 0.254
266.954 0.255
267.011 0.256
267.069 0.257
267.126 0.258
267.184 0.259
267.241 0.260
267.299 0.261
267.357 0.262
267.414 0.263
267.472 0.264
267.530 0.265
267.587 0.266
267.645 0.267
267.703 0.268
267.761 0.269
267.819 0.270
267.876 0.271
267.934 0.273
267.992 0.274
268.050 0.275
268.108 0.276
268.166 0.277
268.224 0.278
268.282 0.279
268.340 0.280
268.398 0.281
268.456 0.282
268.515 0.283
268.573 0.284
268.631 0.285
268.689 0.286
268.747 0.287
268.806 0.288
268.864 0.289
268.922 0.291
268.980 0.292
269.039 0.293
269.097 0.294
269.156 0.295
269.214 0.296
269.273 0.297
269.331 0.298
269.390 0.299
269.448 0.300
269.507 0.301
269.565 0.303
269.624 0.304
269.682 0.305
269.741 0.306
269.800 0.307
269.859 0.308
269.917 0.309
269.976 0.310
270.035 0.311
270.094 0.313
270.153 0.314
270.211 0.315
270.270 0.316
270.329 0.317
270.388 0.318
270.447 0.319
270.506 0.320
270.565 0.322
270.624 0.323
270.683 0.324
270.742 0.325
270.801 0.326
270.861 0.327
270.920 0.328
270.979 0.330
271.038 0.331
271.098 0.332
271.157 0.333
271.216 0.334
271.275 0.335
271.335 0.336
271.394 0.338
271.454 0.339
271.513 0.340
271.572 0.341
271.632 0.342
271.691 0.343
271.751 0.345
271.811 0.346
271.870 0.347
271.930 0.348
271.989 0.349
272.049 0.351
272.109 0.352
272.169 0.353
272.228 0.354
272.288 0.355
272.348 0.356
272.408 0.358
272.468 0.359
272.527 0.360
272.587 0.361
272.647 0.362
272.707 0.364
272.767 0.365
272.827 0.366
272.887 0.367
272.947 0.368
273.007 0.370
273.068 0.371
273.128 0.372
273.188 0.373
273.248 0.375
273.308 0.376
273.369 0.377
273.429 0.378
273.489 0.379
273.550 0.381
273.610 0.382
273.670 0.383
273.731 0.384
273.791 0.386
273.852 0.387
273.912 0.388
273.973 0.389
274.033 0.391
274.094 0.392
274.154 0.393
274.215 0.394
274.276 0.395
274.336 0.397
274.397 0.398
274.458 0.399
274.518 0.400
274.579 0.402
274.640 0.403
274.701 0.404
274.762 0.405
274.823 0.407
274.884 0.408
274.945 0.409
275.006 0.411
275.067 0.412
275.128 0.413
275.189 0.414
275.250 0.416
275.311 0.417
275.372 0.418
275.433 0.419
275.494 0.421
275.556 0.422
275.617 0.423
275.678 0.425
275.739 0.426
275.801 0.427
275.862 0.428
275.923 0.430
275.985 0.431
276.046 0.432
276.108 0.434
276.169 0.435
276.231 0.436
276.292 0.437
276.354 0.439
276.416 0.440
276.477 0.441
276.539 0.443
276.600 0.444
276.662 0.445
276.724 0.446
276.786 0.448
276.848 0.449
276.909 0.450
276.971 0.452
277.033 0.453
277.095 0.454
277.157 0.456
277.219 0.457
277.281 0.458
277.343 0.460
277.405 0.461
277.467 0.462
277.529 0.463
277.591 0.465
277.653 0.466
277.716 0.467
277.778 0.469
277.840 0.470
277.902 0.471
277.965 0.473
278.027 0.474
278.089 0.475
278.152 0.477
278.214 0.478
278.276 0.479
278.339 0.481
278.401 0.482
278.464 0.483
278.527 0.485
278.589 0.486
278.652 0.487
278.714 0.489
278.777 0.490
278.840 0.491
278.902 0.493
278.965 0.494
279.028 0.495
279.091 0.497
279.154 0.498
279.216 0.499
279.279 0.501
279.342 0.502
279.405 0.503
279.468 0.505
279.531 0.506
279.594 0.507
279.657 0.509
279.720 0.510
279.783 0.511
279.847 0.513
279.910 0.514
279.973 0.515
280.036 0.517
280.099 0.518
280.163 0.519
280.226 0.521
280.289 0.522
280.353 0.523
280.416 0.525
280.480 0.526
280.543 0.528
280.606 0.529
280.670 0.530
280.734 0.532
280.797 0.533
280.861 0.534
280.924 0.536
280.988 0.537
281.052 0.538
281.115 0.540
281.179 0.541
281.243 0.542
281.307 0.544
281.371 0.545
281.434 0.546
281.498 0.548
281.562 0.549
281.626 0.551
281.690 0.552
281.754 0.553
281.818 0.555
281.882 0.556
281.946 0.557
282.010 0.559
282.075 0.560
282.139 0.561
282.203 0.563
282.267 0.564
282.332 0.565
282.396 0.567
282.460 0.568
282.524 0.570
282.589 0.571
282.653 0.572
282.718 0.574
282.782 0.575
282.847 0.576
282.911 0.578
282.976 0.579
283.040 0.580
283.105 0.582
283.170 0.583
283.234 0.585
283.299 0.586
283.364 0.587
283.429 0.589
283.493 0.590
283.558 0.591
283.623 0.593
283.688 0.594
283.753 0.595
283.818 0.597
283.883 0.598
283.948 0.599
284.013 0.601
284.078 0.602
284.143 0.604
284.208 0.605
284.273 0.606
284.338 0.608
284.404 0.609
284.469 0.610
284.534 0.612
284.599 0.613
284.665 0.614
284.730 0.616
284.796 0.617
284.861 0.618
284.926 0.620
284.992 0.621
285.057 0.623
285.123 0.624
285.189 0.625
285.254 0.627
285.320 0.628
285.386 0.629
285.451 0.631
285.517 0.632
285.583 0.633
285.648 0.635
285.714 0.636
285.780 0.637
285.846 0.639
285.912 0.640
285.978 0.641
286.044 0.643
286.110 0.644
286.176 0.646
286.242 0.647
286.308 0.648
286.374 0.650
286.440 0.651
286.506 0.652
286.573 0.654
286.639 0.655
286.705 0.656
286.772 0.658
286.838 0.659
286.904 0.660
286.971 0.662
287.037 0.663
287.103 0.664
287.170 0.666
287.237 0.667
287.303 0.668
287.370 0.670
287.436 0.671
287.503 0.672
287.570 0.674
287.636 0.675
287.703 0.676
287.770 0.678
287.837 0.679
287.903 0.680
287.970 0.682
288.037 0.683
288.104 0.684
288.171 0.685
288.238 0.687
288.305 0.688
288.372 0.689
288.439 0.691
288.506 0.692
288.573 0.693
288.641 0.695
288.708 0.696
288.775 0.697
288.842 0.699
288.910 0.700
288.977 0.701
289.044 0.703
289.112 0.704
289.179 0.705
289.247 0.706
289.314 0.708
289.382 0.709
289.449 0.710
289.517 0.712
289.584 0.713
289.652 0.714
289.720 0.716
289.787 0.717
289.855 0.718
289.923 0.719
289.991 0.721
290.058 0.722
290.126 0.723
290.194 0.725
290.262 0.726
290.330 0.727
290.398 0.728
290.466 0.730
290.534 0.731
290.602 0.732
290.670 0.733
290.739 0.735
290.807 0.736
290.875 0.737
290.943 0.738
291.011 0.740
291.080 0.741
291.148 0.742
291.217 0.744
291.285 0.745
291.353 0.746
291.422 0.747
291.490 0.749
291.559 0.750
291.627 0.751
291.696 0.752
291.765 0.754
291.833 0.755
291.902 0.756
291.971 0.757
292.040 0.758
292.108 0.760
292.177 0.761
292.246 0.762
292.315 0.763
292.384 0.765
292.453 0.766
292.522 0.767
292.591 0.768
292.660 0.770
292.729 0.771
292.798 0.772
292.867 0.773
292.936 0.774
293.006 0.776
293.075 0.777
293.144 0.778
293.214 0.779
293.283 0.780
293.352 0.782
293.422 0.783
293.491 0.784
293.561 0.785
293.630 0.786
293.700 0.788
293.769 0.789
293.839 0.790
293.909 0.791
293.978 0.792
294.048 0.793
294.118 0.795
294.187 0.796
294.257 0.797
294.327 0.798
294.397 0.799
294.467 0.800
294.537 0.802
294.607 0.803
294.677 0.804
294.747 0.805
294.817 0.806
294.887 0.807
294.957 0.809
295.027 0.810
295.098 0.811
295.168 0.812
295.238 0.813
295.308 0.814
295.379 0.815
295.449 0.817
295.520 0.818
295.590 0.819
295.660 0.820
295.731 0.821
295.802 0.822
295.872 0.823
295.943 0.824
296.013 0.825
296.084 0.827
296.155 0.828
296.226 0.829
296.296 0.830
296.367 0.831
296.438 0.832
296.509 0.833
296.580 0.834
296.651 0.835
296.722 0.836
296.793 0.838
296.864 0.839
296.935 0.840
297.006 0.841
297.077 0.842
297.148 0.843
297.220 0.844
297.291 0.845
297.362 0.846
297.433 0.847
297.505 0.848
297.576 0.849
297.648 0.850
297.719 0.851
297.791 0.852
297.862 0.853
297.934 0.854
298.005 0.855
298.077 0.856
298.149 0.858
298.220 0.859
298.292 0.860
298.364 0.861
298.436 0.862
298.507 0.863
298.579 0.864
298.651 0.865
298.723 0.866
298.795 0.867
298.867 0.868
298.939 0.869
299.011 0.870
299.083 0.871
299.156 0.872
299.228 0.873
299.300 0.874
299.372 0.875
299.445 0.875
299.517 0.876
299.589 0.877
299.662 0.878
299.734 0.879
299.807 0.880
299.879 0.881
299.952 0.882
300.024 0.883
300.097 0.884
300.169 0.885
300.242 0.886
300.315 0.887
300.388 0.888
300.460 0.889
300.533 0.890
300.606 0.891
300.679 0.892
300.752 0.892
300.825 0.893
300.898 0.894
300.971 0.895
301.044 0.896
301.117 0.897
301.190 0.898
301.263 0.899
301.337 0.900
301.410 0.901
301.483 0.901
301.556 0.902
301.630 0.903
301.703 0.904
301.777 0.905
301.850 0.906
301.924 0.907
301.997 0.907
302.071 0.908
302.144 0.909
302.218 0.910
302.292 0.911
302.365 0.912
302.439 0.913
302.513 0.913
302.587 0.914
302.660 0.915
302.734 0.916
302.808 0.917
302.882 0.917
302.956 0.918
303.030 0.919
303.104 0.920
303.178 0.921
303.253 0.921
303.327 0.922
303.401 0.923
303.475 0.924
303.550 0.925
303.624 0.925
303.698 0.926
303.773 0.927
303.847 0.928
303.922 0.928
303.996 0.929
304.071 0.930
304.145 0.931
304.220 0.932
304.294 0.932
304.369 0.933
304.444 0.934
304.519 0.934
304.593 0.935
304.668 0.936
304.743 0.937
304.818 0.937
304.893 0.938
304.968 0.939
305.043 0.939
305.118 0.940
305.193 0.941
305.268 0.942
305.344 0.942
305.419 0.943
305.494 0.944
305.569 0.944
305.645 0.945
305.720 0.946
305.795 0.946
305.871 0.947
305.946 0.948
306.022 0.948
306.097 0.949
306.173 0.950
306.248 0.950
306.324 0.951
306.400 0.952
306.476 0.952
306.551 0.953
306.627 0.953
306.703 0.954
306.779 0.955
306.855 0.955
306.931 0.956
307.007 0.956
307.083 0.957
307.159 0.958
307.235 0.958
307.311 0.959
307.387 0.959
307.463 0.960
307.540 0.961
307.616 0.961
307.692 0.962
307.769 0.962
307.845 0.963
307.922 0.963
307.998 0.964
308.075 0.965
308.151 0.965
308.228 0.966
308.304 0.966
308.381 0.967
308.458 0.967
308.534 0.968
308.611 0.968
308.688 0.969
308.765 0.969
308.842 0.970
308.919 0.970
308.996 0.971
309.073 0.971
309.150 0.972
309.227 0.972
309.304 0.973
309.381 0.973
309.458 0.974
309.536 0.974
309.613 0.975
309.690 0.975
309.768 0.976
309.845 0.976
309.923 0.976
310.000 0.977
310.078 0.977
310.155 0.978
310.233 0.978
310.310 0.979
310.388 0.979
310.466 0.980
310.543 0.980
310.621 0.980
310.699 0.981
310.777 0.981
310.855 0.982
310.933 0.982
311.011 0.982
311.089 0.983
311.167 0.983
311.245 0.983
311.323 0.984
311.401 0.984
311.480 0.985
311.558 0.985
311.636 0.985
311.714 0.986
311.793 0.986
311.871 0.986
311.950 0.987
312.028 0.987
312.107 0.987
312.185 0.988
312.264 0.988
312.343 0.988
312.421 0.989
312.500 0.989
312.579 0.989
312.658 0.990
312.736 0.990
312.815 0.990
312.894 0.990
312.973 0.991
313.052 0.991
313.131 0.991
313.210 0.992
313.290 0.992
313.369 0.992
313.448 0.992
313.527 0.993
313.606 0.993
313.686 0.993
313.765 0.993
313.845 0.994
313.924 0.994
314.004 0.994
314.083 0.994
314.163 0.994
314.242 0.995
314.322 0.995
314.402 0.995
314.481 0.995
314.561 0.996
314.641 0.996
314.721 0.996
314.801 0.996
314.881 0.996
314.961 0.996
315.041 0.997
315.121 0.997
315.201 0.997
315.281 0.997
315.361 0.997
315.441 0.997
315.522 0.998
315.602 0.998
315.682 0.998
315.763 0.998
315.843 0.998
315.924 0.998
316.004 0.998
316.085 0.998
316.165 0.999
316.246 0.999
316.327 0.999
316.407 0.999
316.488 0.999
316.569 0.999
316.650 0.999
316.731 0.999
316.811 0.999
316.892 0.999
316.973 0.999
317.054 1.000
317.136 1.000
317.217 1.000
317.298 1.000
317.379 1.000
317.460 1.000
317.542 1.000
317.623 1.000
317.704 1.000
317.786 1.000
317.867 1.000
317.949 1.000
318.030 1.000
318.112 1.000
318.193 1.000
318.275 1.000
318.357 1.000
318.439 1.000
318.520 1.000
318.602 1.000
318.684 1.000
318.766 1.000
318.848 1.000
318.930 1.000
319.012 1.000
319.094 1.000
319.176 1.000
319.258 1.000
319.341 1.000
319.423 1.000
319.505 1.000
319.588 0.999
319.670 0.999
319.752 0.999
319.835 0.999
319.917 0.999
320.000 0.999
320.083 0.999
320.165 0.999
320.248 0.999
320.331 0.999
320.413 0.999
320.496 0.998
320.579 0.998
320.662 0.998
320.745 0.998
320.828 0.998
320.911 0.998
320.994 0.998
321.077 0.998
321.160 0.997
321.244 0.997
321.327 0.997
321.410 0.997
321.493 0.997
321.577 0.997
321.660 0.996
321.744 0.996
321.827 0.996
321.911 0.996
321.994 0.996
322.078 0.995
322.162 0.995
322.245 0.995
322.329 0.995
322.413 0.995
322.497 0.994
322.581 0.994
322.665 0.994
322.749 0.994
322.833 0.994
322.917 0.993
323.001 0.993
323.085 0.993
323.169 0.993
323.253 0.992
323.338 0.992
323.422 0.992
323.506 0.992
323.591 0.991
323.675 0.991
323.760 0.991
323.844 0.990
323.929 0.990
324.014 0.990
324.098 0.990
324.183 0.989
324.268 0.989
324.353 0.989
324.437 0.988
324.522 0.988
324.607 0.988
324.692 0.987
324.777 0.987
324.862 0.987
324.948 0.986
325.033 0.986
325.118 0.986
325.203 0.985
325.289 0.985
325.374 0.985
325.459 0.984
325.545 0.984
325.630 0.984
325.716 0.983
325.801 0.983
325.887 0.983
325.973 0.982
326.058 0.982
326.144 0.981
326.230 0.981
326.316 0.981
326.402 0.980
326.488 0.980
326.574 0.979
326.660 0.979
326.746 0.979
326.832 0.978
326.918 0.978
327.004 0.977
327.090 0.977
327.177 0.977
327.263 0.976
327.350 0.976
327.436 0.975
327.522 0.975
327.609 0.974
327.696 0.974
327.782 0.973
327.869 0.973
327.956 0.972
328.042 0.972
328.129 0.972
328.216 0.971
328.303 0.971
328.390 0.970
328.477 0.970
328.564 0.969
328.651 0.969
328.738 0.968
328.825 0.968
328.912 0.967
329.000 0.967
329.087 0.966
329.174 0.966
329.262 0.965
329.349 0.965
329.437 0.964
329.524 0.963
329.612 0.963
329.700 0.962
329.787 0.962
329.875 0.961
329.963 0.961
330.051 0.960
330.138 0.960
330.226 0.959
330.314 0.959
330.402 0.958
330.490 0.957
330.579 0.957
330.667 0.956
330.755 0.956
330.843 0.955
330.931 0.954
331.020 0.954
331.108 0.953
331.197 0.953
331.285 0.952
331.374 0.952
331.462 0.951
331.551 0.950
331.639 0.950
331.728 0.949
331.817 0.948
331.906 0.948
331.995 0.947
332.084 0.947
332.173 0.946
332.262 0.945
332.351 0.945
332.440 0.944
332.529 0.943
332.618 0.943
332.707 0.942
332.797 0.941
332.886 0.941
332.975 0.940
333.065 0.939
333.154 0.939
333.244 0.938
333.333 0.937
333.423 0.937
333.513 0.936
333.602 0.935
333.692 0.935
333.782 0.934
333.872 0.933
333.962 0.933
334.052 0.932
334.142 0.931
334.232 0.930
334.322 0.930
334.412 0.929
334.502 0.928
334.593 0.928
334.683 0.927
334.773 0.926
334.864 0.925
334.954 0.925
335.045 0.924
335.135 0.923
335.226 0.922
335.316 0.922
335.407 0.921
335.498 0.920
335.589 0.919
335.679 0.919
335.770 0.918
335.861 0.917
335.952 0.916
336.043 0.916
336.134 0.915
336.226 0.914
336.317 0.913
336.408 0.912
336.499 0.912
336.591 0.911
336.682 0.910
336.773 0.909
336.865 0.908
336.957 0.908
337.048 0.907
337.140 0.906
337.231 0.905
337.323 0.904
337.415 0.904
337.507 0.903
337.599 0.902
337.691 0.901
337.783 0.900
337.875 0.900
337.967 0.899
338.059 0.898
338.151 0.897
338.243 0.896
338.336 0.895
338.428 0.895
338.520 0.894
338.613 0.893
338.705 0.892
338.798 0.891
338.890 0.890
338.983 0.889
339.076 0.889
339.168 0.888
339.261 0.887
339.354 0.886
339.447 0.885
339.540 0.884
339.633 0.883
339.726 0.882
339.819 0.882
339.912 0.881
340.005 0.880
340.099 0.879
340.192 0.878
340.285 0.877
340.379 0.876
340.472 0.875
340.566 0.874
340.659 0.874
340.753 0.873
340.847 0.872
340.940 0.871
341.034 0.870
341.128 0.869
341.222 0.868
341.316 0.867
341.410 0.866
341.504 0.865
341.598 0.864
341.692 0.863
341.786 0.862
341.880 0.862
341.975 0.861
342.069 0.860
342.163 0.859
342.258 0.858
342.352 0.857
342.447 0.856
342.541 0.855
342.636 0.854
342.731 0.853
342.826 0.852
342.920 0.851
343.015 0.850
343.110 0.849
343.205 0.848
343.300 0.847
343.395 0.846
343.490 0.845
343.585 0.844
343.681 0.843
343.776 0.842
343.871 0.841
343.967 0.840
344.062 0.839
344.158 0.838
344.253 0.837
344.349 0.836
344.444 0.835
344.540 0.834
344.636 0.833
344.732 0.832
344.828 0.831
344.924 0.830
345.019 0.829
345.116 0.828
345.212 0.827
345.308 0.826
345.404 0.825
345.500 0.824
345.596 0.823
345.693 0.822
345.789 0.821
345.886 0.820
345.982 0.819
346.079 0.818
346.175 0.817
346.272 0.816
346.369 0.815
346.465 0.814
346.562 0.813
346.659 0.812
346.756 0.811
346.853 0.810
346.950 0.809
347.047 0.808
347.144 0.807
347.242 0.806
347.339 0.805
347.436 0.804
347.534 0.803
347.631 0.802
347.729 0.801
347.826 0.800
347.924 0.799
348.021 0.797
348.119 0.796
348.217 0.795
348.315 0.794
348.412 0.793
348.510 0.792
348.608 0.791
348.706 0.790
348.805 0.789
348.903 0.788
349.001 0.787
349.099 0.786
349.197 0.785
349.296 0.784
349.394 0.782
349.493 0.781
349.591 0.780
349.690 0.779
349.788 0.778
349.887 0.777
349.986 0.776
350.085 0.775
350.184 0.774
350.282 0.773
350.381 0.772
350.480 0.771
350.580 0.769
350.679 0.768
350.778 0.767
350.877 0.766
350.977 0.765
351.076 0.764
351.175 0.763
351.275 0.762
351.374 0.761
351.474 0.760
351.574 0.758
351.673 0.757
351.773 0.756
351.873 0.755
351.973 0.754
352.073 0.753
352.173 0.752
352.273 0.751
352.373 0.750
352.473 0.748
352.573 0.747
352.673 0.746
352.774 0.745
352.874 0.744
352.975 0.743
353.075 0.742
353.176 0.741
353.276 0.739
353.377 0.738
353.478 0.737
353.579 0.736
353.679 0.735
353.780 0.734
353.881 0.733
353.982 0.731
354.083 0.730
354.185 0.729
354.286 0.728
354.387 0.727
354.488 0.726
354.590 0.725
354.691 0.724
354.793 0.722
354.894 0.721
354.996 0.720
355.097 0.719
355.199 0.718
355.301 0.717
355.403 0.716
355.505 0.714
355.607 0.713
355.709 0.712
355.811 0.711
355.913 0.710
356.015 0.709
356.117 0.708
356.219 0.706
356.322 0.705
356.424 0.704
356.527 0.703
356.629 0.702
356.732 0.701
356.835 0.699
356.937 0.698
357.040 0.697
357.143 0.696
357.246 0.695
357.349 0.694
357.452 0.693
357.555 0.691
357.658 0.690
357.761 0.689
357.864 0.688
357.968 0.687
358.071 0.686
358.174 0.684
358.278 0.683
358.382 0.682
358.485 0.681
358.589 0.680
358.693 0.679
358.796 0.677
358.900 0.676
359.004 0.675
359.108 0.674
359.212 0.673
359.316 0.672
359.420 0.670
359.524 0.669
359.629 0.668
359.733 0.667
359.837 0.666
359.942 0.665
360.046 0.663
360.151 0.662
360.256 0.661
360.360 0.660
360.465 0.659
360.570 0.658
360.675 0.656
360.780 0.655
360.885 0.654
360.990 0.653
361.095 0.652
361.200 0.651
361.305 0.649
361.411 0.648
361.516 0.647
361.621 0.646
361.727 0.645
361.833 0.643
361.938 0.642
362.044 0.641
362.150 0.640
362.255 0.639
362.361 0.638
362.467 0.636
362.573 0.635
362.679 0.634
362.785 0.633
362.891 0.632
362.998 0.631
363.104 0.629
363.210 0.628
363.317 0.627
363.423 0.626
363.530 0.625
363.636 0.624
363.743 0.622
363.850 0.621
363.957 0.620
364.063 0.619
364.170 0.618
364.277 0.616
364.384 0.615
364.491 0.614
364.599 0.613
364.706 0.612
364.813 0.611
364.921 0.609
365.028 0.608
365.135 0.607
365.243 0.606
365.351 0.605
365.458 0.604
365.566 0.602
365.674 0.601
365.782 0.600
365.890 0.599
365.998 0.598
366.106 0.597
366.214 0.595
366.322 0.594
366.430 0.593
366.539 0.592
366.647 0.591
366.755 0.590
366.864 0.588
366.972 0.587
367.081 0.586
367.190 0.585
367.299 0.584
367.407 0.583
367.516 0.581
367.625 0.580
367.734 0.579
367.843 0.578
367.953 0.577
368.062 0.576
368.171 0.574
368.280 0.573
368.390 0.572
368.499 0.571
368.609 0.570
368.718 0.569
368.828 0.567
368.938 0.566
369.048 0.565
369.157 0.564
369.267 0.563
369.377 0.562
369.487 0.560
369.598 0.559
369.708 0.558
369.818 0.557
369.928 0.556
370.039 0.555
370.149 0.553
370.260 0.552
370.370 0.551
370.481 0.550
370.592 0.549
370.703 0.548
370.813 0.546
370.924 0.545
371.035 0.544
371.146 0.543
371.257 0.542
371.369 0.541
371.480 0.540
371.591 0.538
371.703 0.537
371.814 0.536
371.926 0.535
372.037 0.534
372.149 0.533
372.261 0.532
372.372 0.530
372.484 0.529
372.596 0.528
372.708 0.527
372.820 0.526
372.932 0.525
373.045 0.524
373.157 0.522
373.269 0.521
373.382 0.520
373.494 0.519
373.607 0.518
373.719 0.517
373.832 0.516
373.945 0.514
374.057 0.513
374.170 0.512
374.283 0.511
374.396 0.510
374.509 0.509
374.622 0.508
374.736 0.506
374.849 0.505
374.962 0.504
375.076 0.503
375.189 0.502
375.303 0.501
375.416 0.500
375.530 0.499
375.644 0.497
375.758 0.496
375.871 0.495
375.985 0.494
376.099 0.493
376.214 0.492
376.328 0.491
376.442 0.490
376.556 0.488
376.671 0.487
376.785 0.486
376.900 0.485
377.014 0.484
377.129 0.483
377.244 0.482
377.358 0.481
377.473 0.480
377.588 0.478
377.703 0.477
377.818 0.476
377.934 0.475
378.049 0.474
378.164 0.473
378.279 0.472
378.395 0.471
378.510 0.470
378.626 0.468
378.742 0.467
378.857 0.466
378.973 0.465
379.089 0.464
379.205 0.463
379.321 0.462
379.437 0.461
379.553 0.460
379.669 0.459
379.786 0.458
379.902 0.456
380.018 0.455
380.135 0.454
380.251 0.453
380.368 0.452
380.485 0.451
380.602 0.450
380.718 0.449
380.835 0.448
380.952 0.447
381.069 0.446
381.187 0.445
381.304 0.443
381.421 0.442
381.538 0.441
381.656 0.440
381.773 0.439
381.891 0.438
382.009 0.437
382.126 0.436
382.244 0.435
382.362 0.434
382.480 0.433
382.598 0.432
382.716 0.431
382.834 0.430
382.952 0.428
383.071 0.427
383.189 0.426
383.308 0.425
383.426 0.424
383.545 0.423
383.663 0.422
383.782 0.421
383.901 0.420
384.020 0.419
384.139 0.418
384.258 0.417
384.377 0.416
384.496 0.415
384.615 0.414
384.735 0.413
384.854 0.412
384.974 0.411
385.093 0.410
385.213 0.409
385.333 0.408
385.452 0.407
385.572 0.405
385.692 0.404
385.812 0.403
385.932 0.402
386.052 0.401
386.173 0.400
386.293 0.399
386.413 0.398
386.534 0.397
386.654 0.396
386.775 0.395
386.895 0.394
387.016 0.393
387.137 0.392
387.258 0.391
387.379 0.390
387.500 0.389
387.621 0.388
387.742 0.387
387.864 0.386
387.985 0.385
388.106 0.384
388.228 0.383
388.350 0.382
388.471 0.381
388.593 0.380
388.715 0.379
388.837 0.378
388.959 0.377
389.081 0.376
389.203 0.375
389.325 0.374
389.447 0.373
389.570 0.372
389.692 0.371
389.815 0.370
389.937 0.369
390.060 0.368
390.183 0.367
390.305 0.366
390.428 0.365
390.551 0.364
390.674 0.363
390.797 0.362
390.921 0.361
391.044 0.360
391.167 0.359
391.291 0.358
391.414 0.357
391.538 0.356
391.661 0.356
391.785 0.355
391.909 0.354
392.033 0.353
392.157 0.352
392.281 0.351
392.405 0.350
392.529 0.349
392.654 0.348
392.778 0.347
392.902 0.346
393.027 0.345
393.152 0.344
393.276 0.343
393.401 0.342
393.526 0.341
393.651 0.340
393.776 0.339
393.901 0.338
394.026 0.337
394.151 0.337
394.277 0.336
394.402 0.335
394.528 0.334
394.653 0.333
394.779 0.332
394.904 0.331
395.030 0.330
395.156 0.329
395.282 0.328
395.408 0.327
395.534 0.326
395.660 0.325
395.787 0.324
395.913 0.324
396.040 0.323
396.166 0.322
396.293 0.321
396.419 0.320
396.546 0.319
396.673 0.318
396.800 0.317
396.927 0.316
397.054 0.315
397.181 0.315
397.309 0.314
397.436 0.313
397.563 0.312
397.691 0.311
397.818 0.310
397.946 0.309
398.074 0.308
398.202 0.307
398.330 0.307
398.458 0.306
398.586 0.305
398.714 0.304
398.842 0.303
398.970 0.302
399.099 0.301
399.227 0.300
399.356 0.299
399.485 0.299
399.613 0.298
399.742 0.297
399.871 0.296
400.000 0.295
400.129 0.294
400.258 0.293
400.387 0.293
400.517 0.292
400.646 0.291
400.776 0.290
400.905 0.289
401.035 0.288
401.165 0.287
401.294 0.287
401.424 0.286
401.554 0.285
401.684 0.284
401.815 0.283
401.945 0.282
402.075 0.282
402.206 0.281
402.336 0.280
402.467 0.279
402.597 0.278
402.728 0.277
402.859 0.277
402.990 0.276
403.121 0.275
403.252 0.274
403.383 0.273
403.514 0.272
403.646 0.272
403.777 0.271
403.909 0.270
404.040 0.269
404.172 0.268
404.304 0.268
404.436 0.267
404.568 0.266
404.700 0.265
404.832 0.264
404.964 0.263
405.096 0.263
405.229 0.262
405.361 0.261
405.494 0.260
405.626 0.259
405.759 0.259
405.892 0.258
406.025 0.257
406.158 0.256
406.291 0.256
406.424 0.255
406.557 0.254
406.691 0.253
406.824 0.252
406.958 0.252
407.091 0.251
407.225 0.250
407.359 0.249
407.493 0.249
407.627 0.248
407.761 0.247
407.895 0.246
408.029 0.245
408.163 0.245
408.298 0.244
408.432 0.243
408.567 0.242
408.701 0.242
408.836 0.241
408.971 0.240
409.106 0.239
409.241 0.239
409.376 0.238
409.511 0.237
409.647 0.236
409.782 0.236
409.917 0.235
410.053 0.234
410.189 0.233
410.324 0.233
410.460 0.232
410.596 0.231
410.732 0.230
410.868 0.230
411.004 0.229
411.141 0.228
411.277 0.228
411.413 0.227
411.550 0.226
411.687 0.225
411.823 0.225
411.960 0.224
412.097 0.223
412.234 0.222
412.371 0.222
412.508 0.221
412.646 0.220
412.783 0.220
412.920 0.219
413.058 0.218
413.196 0.217
413.333 0.217
413.471 0.216
413.609 0.215
413.747 0.215
413.885 0.214
414.023 0.213
414.162 0.213
414.300 0.212
414.439 0.211
414.577 0.211
414.716 0.210
414.854 0.209
414.993 0.208
415.132 0.208
415.271 0.207
415.410 0.206
415.550 0.206
415.689 0.205
415.828 0.204
415.968 0.204
416.107 0.203
416.247 0.202
416.387 0.202
416.527 0.201
416.667 0.200
416.807 0.200
416.947 0.199
417.087 0.198
417.227 0.198
417.368 0.197
417.508 0.196
417.649 0.196
417.790 0.195
417.931 0.194
418.071 0.194
418.212 0.193
418.354 0.193
418.495 0.192
418.636 0.191
418.777 0.191
418.919 0.190
419.060 0.189
419.202 0.189
419.344 0.188
419.486 0.187
419.628 0.187
419.770 0.186
419.912 0.185
420.054 0.185
420.197 0.184
420.339 0.184
420.482 0.183
420.624 0.182
420.767 0.182
420.910 0.181
421.053 0.181
421.196 0.180
421.339 0.179
421.482 0.179
421.625 0.178
421.769 0.177
421.912 0.177
422.056 0.176
422.200 0.176
422.343 0.175
422.487 0.174
422.631 0.174
422.775 0.173
422.920 0.173
423.064 0.172
423.208 0.171
423.353 0.171
423.497 0.170
423.642 0.170
423.787 0.169
423.932 0.168
424.077 0.168
424.222 0.167
424.367 0.167
424.512 0.166
424.658 0.166
424.803 0.165
424.949 0.164
425.094 0.164
425.240 0.163
425.386 0.163
425.532 0.162
425.678 0.162
425.824 0.161
425.970 0.160
426.117 0.160
426.263 0.159
426.410 0.159
426.557 0.158
426.703 0.158
426.850 0.157
426.997 0.157
427.144 0.156
427.292 0.155
427.439 0.155
427.586 0.154
427.734 0.154
427.881 0.153
428.029 0.153
428.177 0.152
428.325 0.152
428.473 0.151
428.621 0.151
428.769 0.150
428.917 0.149
429.066 0.149
429.214 0.148
429.363 0.148
429.512 0.147
429.660 0.147
429.809 0.146
429.958 0.146
430.108 0.145
430.257 0.145
430.406 0.144
430.556 0.144
430.705 0.143
430.855 0.143
431.005 0.142
431.154 0.142
431.304 0.141
431.454 0.141
431.605 0.140
431.755 0.140
431.905 0.139
432.056 0.139
432.206 0.138
432.357 0.138
432.508 0.137
432.659 0.137
432.810 0.136
432.961 0.136
433.112 0.135
433.263 0.135
433.415 0.134
433.566 0.134
433.718 0.133
433.870 0.133
434.022 0.132
434.174 0.132
434.326 0.131
434.478 0.131
434.630 0.130
434.783 0.130
434.935 0.129
435.088 0.129
435.240 0.128
435.393 0.128
435.546 0.127
435.699 0.127
435.852 0.126
436.006 0.126
436.159 0.125
436.312 0.125
436.466 0.124
436.620 0.124
436.774 0.124
436.927 0.123
437.081 0.123
437.236 0.122
437.390 0.122
437.544 0.121
437.699 0.121
437.853 0.120
438.008 0.120
438.163 0.119
438.317 0.119
438.472 0.119
438.628 0.118
438.783 0.118
438.938 0.117
439.093 0.117
439.249 0.116
439.405 0.116
439.560 0.115
439.716 0.115
439.872 0.115
440.028 0.114
440.185 0.114
440.341 0.113
440.497 0.113
440.654 0.112
440.811 0.112
440.967 0.112
441.124 0.111
441.281 0.111
441.438 0.110
441.595 0.110
441.753 0.109
441.910 0.109
442.068 0.109
442.225 0.108
442.383 0.108
442.541 0.107
442.699 0.107
442.857 0.107
443.015 0.106
443.174 0.106
443.332 0.105
443.491 0.105
443.649 0.104
443.808 0.104
443.967 0.104
444.126 0.103
444.285 0.103
444.444 0.102
444.604 0.102
444.763 0.102
444.923 0.101
445.083 0.101
445.242 0.101
445.402 0.100
445.562 0.100
445.723 0.099
445.883 0.099
446.043 0.099
446.204 0.098
446.364 0.098
446.525 0.097
446.686 0.097
446.847 0.097
447.008 0.096
447.169 0.096
447.330 0.096
447.492 0.095
447.653 0.095
447.815 0.094
447.977 0.094
448.139 0.094
448.301 0.093
448.463 0.093
448.625 0.093
448.788 0.092
448.950 0.092
449.113 0.091
449.275 0.091
449.438 0.091
449.601 0.090
449.764 0.090
449.927 0.090
450.091 0.089
450.254 0.089
450.418 0.089
450.581 0.088
450.745 0.088
450.909 0.088
451.073 0.087
451.237 0.087
451.402 0.086
451.566 0.086
451.730 0.086
451.895 0.085
452.060 0.085
452.225 0.085
452.390 0.084
452.555 0.084
452.720 0.084
452.885 0.083
453.051 0.083
453.216 0.083
453.382 0.082
453.548 0.082
453.714 0.082
453.880 0.081
454.046 0.081
454.212 0.081
454.379 0.080
454.545 0.080
454.712 0.080
454.879 0.079
455.046 0.079
455.213 0.079
455.380 0.078
455.547 0.078
455.715 0.078
455.882 0.078
456.050 0.077
456.218 0.077
456.386 0.077
456.554 0.076
456.722 0.076
456.890 0.076
457.059 0.075
457.227 0.075
457.396 0.075
457.565 0.074
457.733 0.074
457.903 0.074
458.072 0.073
458.241 0.073
458.410 0.073
458.580 0.073
458.750 0.072
458.919 0.072
459.089 0.072
459.259 0.071
459.429 0.071
459.600 0.071
459.770 0.070
459.941 0.070
460.111 0.070
460.282 0.070
460.453 0.069
460.624 0.069
460.795 0.069
460.967 0.068
461.138 0.068
461.310 0.068
461.481 0.068
461.653 0.067
461.825 0.067
461.997 0.067
462.169 0.066
462.342 0.066
462.514 0.066
462.687 0.066
462.859 0.065
463.032 0.065
463.205 0.065
463.378 0.065
463.551 0.064
463.725 0.064
463.898 0.064
464.072 0.063
464.246 0.063
464.419 0.063
464.593 0.063
464.768 0.062
464.942 0.062
465.116 0.062
465.291 0.062
465.465 0.061
465.640 0.061
465.815 0.061
465.990 0.061
466.165 0.060
466.341 0.060
466.516 0.060
466.692 0.060
466.867 0.059
467.043 0.059
467.219 0.059
467.395 0.059
467.572 0.058
467.748 0.058
467.925 0.058
468.101 0.058
468.278 0.057
468.455 0.057
468.632 0.057
468.809 0.057
468.986 0.056
469.164 0.056
469.341 0.056
469.519 0.056
469.697 0.055
469.875 0.055
470.053 0.055
470.231 0.055
470.410 0.054
470.588 0.054
470.767 0.054
470.946 0.054
471.125 0.053
471.304 0.053
471.483 0.053
471.662 0.053
471.842 0.053
472.021 0.052
472.201 0.052
472.381 0.052
472.561 0.052
472.741 0.051
472.921 0.051
473.102 0.051
473.282 0.051
473.463 0.051
473.644 0.050
473.825 0.050
474.006 0.050
474.187 0.050
474.369 0.049
474.550 0.049
474.732 0.049
474.914 0.049
475.096 0.049
475.278 0.048
475.460 0.048
475.643 0.048
475.825 0.048
476.008 0.047
476.190 0.047
476.373 0.047
476.556 0.047
476.740 0.047
476.923 0.046
477.107 0.046
477.290 0.046
477.474 0.046
477.658 0.046
477.842 0.045
478.026 0.045
478.211 0.045
478.395 0.045
478.580 0.045
478.764 0.044
478.949 0.044
479.134 0.044
479.320 0.044
479.505 0.044
479.691 0.043
479.876 0.043
480.062 0.043
480.248 0.043
480.434 0.043
480.620 0.042
480.807 0.042
480.993 0.042
481.180 0.042
481.366 0.042
481.553 0.042
481.740 0.041
481.928 0.041
482.115 0.041
482.303 0.041
482.490 0.041
482.678 0.040
482.866 0.040
483.054 0.040
483.242 0.040
483.431 0.040
483.619 0.040
483.808 0.039
483.997 0.039
484.186 0.039
484.375 0.039
484.564 0.039
484.754 0.038
484.943 0.038
485.133 0.038
485.323 0.038
485.513 0.038
485.703 0.038
485.893 0.037
486.084 0.037
486.275 0.037
486.465 0.037
486.656 0.037
486.847 0.037
487.038 0.036
487.230 0.036
487.421 0.036
487.613 0.036
487.805 0.036
487.997 0.036
488.189 0.035
488.381 0.035
488.574 0.035
488.766 0.035
488.959 0.035
489.152 0.035
489.345 0.034
489.538 0.034
489.731 0.034
489.925 0.034
490.119 0.034
490.312 0.034
490.506 0.033
490.700 0.033
490.895 0.033
491.089 0.033
491.284 0.033
491.478 0.033
491.673 0.033
491.868 0.032
492.063 0.032
492.259 0.032
492.454 0.032
492.650 0.032
492.846 0.032
493.042 0.032
493.238 0.031
493.434 0.031
493.631 0.031
493.827 0.031
494.024 0.031
494.221 0.031
494.418 0.030
494.615 0.030
494.812 0.030
495.010 0.030
495.208 0.030
495.406 0.030
495.604 0.030
495.802 0.029
496.000 0.029
496.198 0.029
496.397 0.029
496.596 0.029
496.795 0.029
496.994 0.029
497.193 0.029
497.393 0.028
497.592 0.028
497.792 0.028
497.992 0.028
498.192 0.028
498.392 0.028
498.593 0.028
498.793 0.027
498.994 0.027
499.195 0.027
499.396 0.027
499.597 0.027
499.798 0.027
500.000 0.027
500.202 0.027
500.404 0.026
500.606 0.026
500.808 0.026
501.010 0.026
501.213 0.026
501.415 0.026
501.618 0.026
501.821 0.026
502.024 0.025
502.228 0.025
502.431 0.025
502.635 0.025
502.839 0.025
503.043 0.025
503.247 0.025
503.451 0.025
503.656 0.024
503.860 0.024
504.065 0.024
504.270 0.024
504.475 0.024
504.681 0.024
504.886 0.024
505.092 0.024
505.297 0.024
505.503 0.023
505.710 0.023
505.916 0.023
506.122 0.023
506.329 0.023
506.536 0.023
506.743 0.023
506.950 0.023
507.157 0.023
507.365 0.022
507.573 0.022
507.781 0.022
507.989 0.022
508.197 0.022
508.405 0.022
508.614 0.022
508.822 0.022
509.031 0.022
509.240 0.021
509.449 0.021
509.659 0.021
509.868 0.021
510.078 0.021
510.288 0.021
510.498 0.021
510.708 0.021
510.919 0.021
511.129 0.021
511.340 0.020
511.551 0.020
511.762 0.020
511.974 0.020
512.185 0.020
512.397 0.020
512.609 0.020
512.821 0.020
513.033 0.020
513.245 0.020
513.458 0.019
513.670 0.019
513.883 0.019
514.096 0.019
514.309 0.019
514.523 0.019
514.736 0.019
514.950 0.019
515.164 0.019
515.378 0.019
515.593 0.018
515.807 0.018
516.022 0.018
516.236 0.018
516.451 0.018
516.667 0.018
516.882 0.018
517.098 0.018
517.313 0.018
517.529 0.018
517.745 0.018
517.962 0.018
518.178 0.017
518.395 0.017
518.611 0.017
518.828 0.017
519.046 0.017
519.263 0.017
519.481 0.017
519.698 0.017
519.916 0.017
520.134 0.017
520.352 0.017
520.571 0.016
520.790 0.016
521.008 0.016
521.227 0.016
521.447 0.016
521.666 0.016
521.886 0.016
522.105 0.016
522.325 0.016
522.545 0.016
522.766 0.016
522.986 0.016
523.207 0.016
523.428 0.015
523.649 0.015
523.870 0.015
524.091 0.015
524.313 0.015
524.535 0.015
524.757 0.015
524.979 0.015
525.201 0.015
525.424 0.015
525.646 0.015
525.869 0.015
526.092 0.015
526.316 0.014
526.539 0.014
526.763 0.014
526.987 0.014
527.211 0.014
527.435 0.014
527.660 0.014
527.884 0.014
528.109 0.014
528.334 0.014
528.559 0.014
528.785 0.014
529.010 0.014
529.236 0.013
529.462 0.013
529.688 0.013
529.915 0.013
530.141 0.013
530.368 0.013
530.595 0.013
530.822 0.013
531.049 0.013
531.277 0.013
531.505 0.013
531.732 0.013
531.961 0.013
532.189 0.013
532.417 0.013
532.646 0.012
532.875 0.012
533.104 0.012
533.333 0.012
533.563 0.012
533.793 0.012
534.022 0.012
534.252 0.012
534.483 0.012
534.713 0.012
534.944 0.012
535.175 0.012
535.406 0.012
535.637 0.012
535.869 0.012
536.100 0.012
536.332 0.011
536.564 0.011
536.797 0.011
537.029 0.011
537.262 0.011
537.495 0.011
537.728 0.011
537.961 0.011
538.194 0.011
538.428 0.011
538.662 0.011
538.896 0.011
539.130 0.011
539.365 0.011
539.600 0.011
539.835 0.011
540.070 0.011
540.305 0.010
540.541 0.010
540.776 0.010
541.012 0.010
541.248 0.010
541.485 0.010
541.721 0.010
541.958 0.010
542.195 0.010
542.432 0.010
542.670 0.010
542.907 0.010
543.145 0.010
543.383 0.010
543.621 0.010
543.860 0.010
544.098 0.010
544.337 0.010
544.576 0.010
544.815 0.009
545.055 0.009
545.295 0.009
545.535 0.009
545.775 0.009
546.015 0.009
546.256 0.009
546.496 0.009
546.737 0.009
546.978 0.009
547.220 0.009
547.461 0.009
547.703 0.009
547.945 0.009
548.187 0.009
548.430 0.009
548.673 0.009
548.915 0.009
549.159 0.009
549.402 0.009
549.645 0.009
549.889 0.008
550.133 0.008
550.377 0.008
550.622 0.008
550.866 0.008
551.111 0.008
551.356 0.008
551.601 0.008
551.847 0.008
552.093 0.008
552.339 0.008
552.585 0.008
552.831 0.008
553.078 0.008
553.324 0.008
553.571 0.008
553.819 0.008
554.066 0.008
554.314 0.008
554.562 0.008
554.810 0.008
555.058 0.008
555.307 0.008
555.556 0.007
555.805 0.007
556.054 0.007
556.303 0.007
556.553 0.007
556.803 0.007
557.053 0.007
557.303 0.007
557.554 0.007
557.805 0.007
558.056 0.007
558.307 0.007
558.559 0.007
558.810 0.007
559.062 0.007
559.314 0.007
559.567 0.007
559.819 0.007
560.072 0.007
560.325 0.007
560.579 0.007
560.832 0.007
561.086 0.007
561.340 0.007
561.594 0.007
561.849 0.007
562.103 0.006
562.358 0.006
562.613 0.006
562.869 0.006
563.124 0.006
563.380 0.006
563.636 0.006
563.893 0.006
564.149 0.006
564.406 0.006
564.663 0.006
564.920 0.006
565.178 0.006
565.435 0.006
565.693 0.006
565.952 0.006
566.210 0.006
566.469 0.006
566.728 0.006
566.987 0.006
567.246 0.006
567.506 0.006
567.766 0.006
568.026 0.006
568.286 0.006
568.547 0.006
568.807 0.006
569.068 0.006
569.330 0.006
569.591 0.006
569.853 0.005
570.115 0.005
570.377 0.005
570.640 0.005
570.902 0.005
571.165 0.005
571.429 0.005
571.692 0.005
571.956 0.005
572.220 0.005
572.484 0.005
572.748 0.005
573.013 0.005
573.278 0.005
573.543 0.005
573.808 0.005
574.074 0.005
574.340 0.005
574.606 0.005
574.873 0.005
575.139 0.005
575.406 0.005
575.673 0.005
575.941 0.005
576.208 0.005
576.476 0.005
576.744 0.005
577.013 0.005
577.281 0.005
577.550 0.005
577.819 0.005
578.089 0.005
578.358 0.005
578.628 0.005
578.898 0.005
579.169 0.004
579.439 0.004
579.710 0.004
579.981 0.004
580.253 0.004
580.524 0.004
580.796 0.004
581.068 0.004
581.341 0.004
581.614 0.004
581.886 0.004
582.160 0.004
582.433 0.004
582.707 0.004
582.981 0.004
583.255 0.004
583.529 0.004
583.804 0.004
584.079 0.004
584.354 0.004
584.630 0.004
584.906 0.004
585.182 0.004
585.458 0.004
585.735 0.004
586.011 0.004
586.288 0.004
586.566 0.004
586.843 0.004
587.121 0.004
587.399 0.004
587.678 0.004
587.956 0.004
588.235 0.004
588.514 0.004
588.794 0.004
589.074 0.004
589.354 0.004
589.634 0.004
589.914 0.004
590.195 0.004
590.476 0.004
590.758 0.004
591.039 0.004
591.321 0.003
591.603 0.003
591.885 0.003
592.168 0.003
592.451 0.003
592.734 0.003
593.018 0.003
593.301 0.003
593.585 0.003
593.870 0.003
594.154 0.003
594.439 0.003
594.724 0.003
595.010 0.003
595.295 0.003
595.581 0.003
595.867 0.003
596.154 0.003
596.441 0.003
596.728 0.003
597.015 0.003
597.303 0.003
597.590 0.003
597.878 0.003
598.167 0.003
598.456 0.003
598.745 0.003
599.034 0.003
599.323 0.003
599.613 0.003
599.903 0.003
600.194 0.003
600.484 0.003
600.775 0.003
601.066 0.003
601.358 0.003
601.650 0.003
601.942 0.003
602.234 0.003
602.527 0.003
602.820 0.003
603.113 0.003
603.406 0.003
603.700 0.003
603.994 0.003
604.288 0.003
604.583 0.003
604.878 0.003
605.173 0.003
605.469 0.003
605.765 0.003
606.061 0.003
606.357 0.003
606.654 0.003
606.951 0.003
607.248 0.003
607.545 0.003
607.843 0.002
608.141 0.002
608.440 0.002
608.738 0.002
609.037 0.002
609.337 0.002
609.636 0.002
609.936 0.002
610.236 0.002
610.537 0.002
610.837 0.002
611.138 0.002
611.440 0.002
611.741 0.002
612.043 0.002
612.346 0.002
612.648 0.002
612.951 0.002
613.254 0.002
613.558 0.002
613.861 0.002
614.165 0.002
614.470 0.002
614.774 0.002
615.079 0.002
615.385 0.002
615.690 0.002
615.996 0.002
616.302 0.002
616.609 0.002
616.915 0.002
617.222 0.002
617.530 0.002
617.838 0.002
618.146 0.002
618.454 0.002
618.762 0.002
619.071 0.002
619.381 0.002
619.690 0.002
620.000 0.002
620.310 0.002
620.621 0.002
620.931 0.002
621.242 0.002
621.554 0.002
621.866 0.002
622.178 0.002
622.490 0.002
622.803 0.002
623.116 0.002
623.429 0.002
623.742 0.002
624.056 0.002
624.371 0.002
624.685 0.002
625.000 0.002
625.315 0.002
625.631 0.002
625.946 0.002
626.263 0.002
626.579 0.002
626.896 0.002
627.213 0.002
627.530 0.002
627.848 0.002
628.166 0.002
628.485 0.002
628.803 0.002
629.122 0.002
629.442 0.002
629.761 0.002
630.081 0.002
630.402 0.002
630.722 0.002
631.043 0.002
631.365 0.002
631.686 0.002
632.008 0.002
632.330 0.002
632.653 0.002
632.976 0.002
633.299 0.002
633.623 0.002
633.947 0.001
634.271 0.001
634.596 0.001
634.921 0.001
635.246 0.001
635.572 0.001
635.897 0.001
636.224 0.001
636.550 0.001
636.877 0.001
637.205 0.001
637.532 0.001
637.860 0.001
638.188 0.001
638.517 0.001
638.846 0.001
639.175 0.001
639.505 0.001
639.835 0.001
640.165 0.001
640.496 0.001
640.827 0.001
641.158 0.001
641.490 0.001
641.822 0.001
642.154 0.001
642.487 0.001
642.820 0.001
643.154 0.001
643.487 0.001
643.821 0.001
644.156 0.001
644.491 0.001
644.826 0.001
645.161 0.001
645.497 0.001
645.833 0.001
646.170 0.001
646.507 0.001
646.844 0.001
647.182 0.001
647.520 0.001
647.858 0.001
648.197 0.001
648.536 0.001
648.875 0.001
649.215 0.001
649.555 0.001
649.895 0.001
650.236 0.001
650.577 0.001
650.919 0.001
651.261 0.001
651.603 0.001
651.945 0.001
652.288 0.001
652.632 0.001
652.975 0.001
653.319 0.001
653.664 0.001
654.008 0.001
654.354 0.001
654.699 0.001
655.045 0.001
655.391 0.001
655.738 0.001
656.085 0.001
656.432 0.001
656.780 0.001
657.128 0.001
657.476 0.001
657.825 0.001
658.174 0.001
658.524 0.001
658.874 0.001
659.224 0.001
659.574 0.001
659.925 0.001
660.277 0.001
660.629 0.001
660.981 0.001
661.333 0.001
661.686 0.001
662.040 0.001
662.393 0.001
662.747 0.001
663.102 0.001
663.456 0.001
663.812 0.001
664.167 0.001
664.523 0.001
664.879 0.001
665.236 0.001
665.593 0.001
665.951 0.001
666.308 0.001
666.667 0.001
667.025 0.001
667.384 0.001
667.744 0.001
668.103 0.001
668.464 0.001
668.824 0.001
669.185 0.001
669.546 0.001
669.908 0.001
670.270 0.001
670.633 0.001
670.996 0.001
671.359 0.001
671.723 0.001
672.087 0.001
672.451 0.001
672.816 0.001
673.181 0.001
673.547 0.001
673.913 0.001
674.279 0.001
674.646 0.001
675.014 0.001
675.381 0.001
675.749 0.001
676.118 0.001
676.487 0.001
676.856 0.001
677.226 0.001
677.596 0.001
677.966 0.001
678.337 0.001
678.708 0.001
679.080 0.001
679.452 0.001
679.825 0.001
680.197 0.001
680.571 0.001
680.945 0.001
681.319 0.001
681.693 0.001
682.068 0.001
682.444 0.001
682.819 0.001
683.196 0.001
683.572 0.001
683.949 0.001
684.327 0.001
684.705 0.001
685.083 0.001
685.462 0.001
685.841 0.001
686.220 0.001
686.600 0.001
686.981 0.001
687.361 0.001
687.743 0.001
688.124 0.001
688.506 0.001
688.889 0.001
689.272 0.001
689.655 0.001
690.039 0.001
690.423 0.001
690.808 0.001
691.193 0.001
691.578 0.001
691.964 0.001
692.351 0.001
692.737 0.001
693.125 0.001
693.512 0.001
693.900 0.001
694.289 0.001
694.678 0.000
695.067 0.000
695.457 0.000
695.847 0.000
696.238 0.000
696.629 0.000
697.021 0.000
697.413 0.000
697.805 0.000
698.198 0.000
698.592 0.000
698.985 0.000
699.380 0.000
699.774 0.000
700.169 0.000
700.565 0.000
700.961 0.000
701.357 0.000
701.754 0.000
702.152 0.000
702.550 0.000
702.948 0.000
703.347 0.000
703.746 0.000
704.145 0.000
704.545 0.000
704.946 0.000
705.347 0.000
705.748 0.000
706.150 0.000
706.553 0.000
706.956 0.000
707.359 0.000
707.763 0.000
708.167 0.000
708.571 0.000
708.977 0.000
709.382 0.000
709.788 0.000
710.195 0.000
710.602 0.000
711.009 0.000
711.417 0.000
711.825 0.000
712.234 0.000
712.644 0.000
713.053 0.000
713.464 0.000
713.874 0.000
714.286 0.000
714.697 0.000
715.110 0.000
715.522 0.000
715.935 0.000
716.349 0.000
716.763 0.000
717.178 0.000
717.593 0.000
718.008 0.000
718.424 0.000
718.841 0.000
719.258 0.000
719.675 0.000
720.093 0.000
720.511 0.000
720.930 0.000
721.350 0.000
721.769 0.000
722.190 0.000
722.611 0.000
723.032 0.000
723.454 0.000
723.876 0.000
724.299 0.000
724.722 0.000
725.146 0.000
725.571 0.000
725.995 0.000
726.421 0.000
726.846 0.000
727.273 0.000
727.700 0.000
728.127 0.000
728.555 0.000
728.983 0.000
729.412 0.000
729.841 0.000
730.271 0.000
730.701 0.000
731.132 0.000
731.563 0.000
731.995 0.000
732.428 0.000
732.861 0.000
733.294 0.000
733.728 0.000
734.162 0.000
734.597 0.000
735.033 0.000
735.469 0.000
735.905 0.000
736.342 0.000
736.780 0.000
737.218 0.000
737.656 0.000
738.095 0.000
738.535 0.000
738.975 0.000
739.416 0.000
739.857 0.000
740.299 0.000
740.741 0.000
741.184 0.000
741.627 0.000
742.071 0.000
742.515 0.000
742.960 0.000
743.405 0.000
743.851 0.000
744.298 0.000
744.745 0.000
745.192 0.000
745.640 0.000
746.089 0.000
746.538 0.000
746.988 0.000
747.438 0.000
747.889 0.000
748.340 0.000
748.792 0.000
749.245 0.000
749.698 0.000
750.151 0.000
750.605 0.000
751.060 0.000
751.515 0.000
751.971 0.000
752.427 0.000
752.884 0.000
753.341 0.000
753.799 0.000
754.258 0.000
754.717 0.000
755.177 0.000
755.637 0.000
756.098 0.000
756.559 0.000
757.021 0.000
757.483 0.000
757.946 0.000
758.410 0.000
758.874 0.000
759.339 0.000
759.804 0.000
760.270 0.000
760.736 0.000
761.203 0.000
761.671 0.000
762.139 0.000
762.608 0.000
763.077 0.000
763.547 0.000
764.017 0.000
764.488 0.000
764.960 0.000
765.432 0.000
765.905 0.000
766.378 0.000
766.852 0.000
767.327 0.000
767.802 0.000
768.278 0.000
768.754 0.000
769.231 0.000
769.708 0.000
770.186 0.000
770.665 0.000
771.144 0.000
771.624 0.000
772.105 0.000
772.586 0.000
773.067 0.000
773.550 0.000
774.032 0.000
774.516 0.000
775.000 0.000
775.485 0.000
775.970 0.000
776.456 0.000
776.942 0.000
777.429 0.000
777.917 0.000
778.406 0.000
778.894 0.000
779.384 0.000
779.874 0.000
780.365 0.000
780.856 0.000
781.348 0.000
781.841 0.000
782.334 0.000
782.828 0.000
783.323 0.000
783.818 0.000
784.314 0.000
784.810 0.000
785.307 0.000
785.805 0.000
786.303 0.000
786.802 0.000
787.302 0.000
787.802 0.000
788.303 0.000
788.804 0.000
789.306 0.000
789.809 0.000
790.312 0.000
790.816 0.000
791.321 0.000
791.826 0.000
792.332 0.000
792.839 0.000
793.346 0.000
793.854 0.000
794.363 0.000
794.872 0.000
795.382 0.000
795.892 0.000
796.403 0.000
796.915 0.000
797.428 0.000
797.941 0.000
798.455 0.000
798.969 0.000
799.484 0.000
800.000 0.000
800.516 0.000
801.034 0.000
801.551 0.000
802.070 0.000
802.589 0.000
803.109 0.000
803.629 0.000
804.150 0.000
804.672 0.000
805.195 0.000
805.718 0.000
806.242 0.000
806.766 0.000
807.292 0.000
807.818 0.000
808.344 0.000
808.871 0.000
809.399 0.000
809.928 0.000
810.458 0.000
810.988 0.000
811.518 0.000
812.050 0.000
812.582 0.000
813.115 0.000
813.648 0.000
814.183 0.000
814.717 0.000
815.253 0.000
815.789 0.000
816.327 0.000
816.864 0.000
817.403 0.000
817.942 0.000
818.482 0.000
819.022 0.000
819.564 0.000
820.106 0.000
820.649 0.000
821.192 0.000
821.736 0.000
822.281 0.000
822.827 0.000
823.373 0.000
823.920 0.000
824.468 0.000
825.017 0.000
825.566 0.000
826.116 0.000
826.667 0.000
827.218 0.000
827.770 0.000
828.323 0.000
828.877 0.000
829.431 0.000
829.987 0.000
830.543 0.000
831.099 0.000
831.657 0.000
832.215 0.000
832.774 0.000
833.333 0.000
833.894 0.000
834.455 0.000
835.017 0.000
835.580 0.000
836.143 0.000
836.707 0.000
837.272 0.000
837.838 0.000
838.404 0.000
838.972 0.000
839.540 0.000
840.108 0.000
840.678 0.000
841.248 0.000
841.819 0.000
842.391 0.000
842.964 0.000
843.537 0.000
844.112 0.000
844.687 0.000
845.262 0.000
845.839 0.000
846.416 0.000
846.995 0.000
847.573 0.000
848.153 0.000
848.734 0.000
849.315 0.000
849.897 0.000
850.480 0.000
851.064 0.000
851.648 0.000
852.234 0.000
852.820 0.000
853.407 0.000
853.994 0.000
854.583 0.000
855.172 0.000
855.763 0.000
856.354 0.000
856.945 0.000
857.538 0.000
858.131 0.000
858.726 0.000
859.321 0.000
859.917 0.000
860.514 0.000
861.111 0.000
861.710 0.000
862.309 0.000
862.909 0.000
863.510 0.000
864.111 0.000
864.714 0.000
865.318 0.000
865.922 0.000
866.527 0.000
867.133 0.000
867.740 0.000
868.347 0.000
868.956 0.000
869.565 0.000
870.175 0.000
870.787 0.000
871.398 0.000
872.011 0.000
872.625 0.000
873.239 0.000
873.855 0.000
874.471 0.000
875.088 0.000
875.706 0.000
876.325 0.000
876.945 0.000
877.565 0.000
878.187 0.000
878.809 0.000
879.433 0.000
880.057 0.000
880.682 0.000
881.308 0.000
881.935 0.000
882.562 0.000
883.191 0.000
883.820 0.000
884.451 0.000
885.082 0.000
885.714 0.000
886.347 0.000
886.981 0.000
887.616 0.000
888.252 0.000
888.889 0.000
889.527 0.000
890.165 0.000
890.805 0.000
891.445 0.000
892.086 0.000
892.729 0.000
893.372 0.000
894.016 0.000
894.661 0.000
895.307 0.000
895.954 0.000
896.602 0.000
897.250 0.000
897.900 0.000
898.551 0.000
899.202 0.000
899.855 0.000
900.508 0.000
901.163 0.000
901.818 0.000
902.475 0.000
903.132 0.000
903.790 0.000
904.449 0.000
905.109 0.000
905.771 0.000
906.433 0.000
907.096 0.000
907.760 0.000
908.425 0.000
909.091 0.000
909.758 0.000
910.426 0.000
911.095 0.000
911.765 0.000
912.436 0.000
913.108 0.000
913.780 0.000
914.454 0.000
915.129 0.000
915.805 0.000
916.482 0.000
917.160 0.000
917.839 0.000
918.519 0.000
919.199 0.000
919.881 0.000
920.564 0.000
921.248 0.000
921.933 0.000
922.619 0.000
923.306 0.000
923.994 0.000
924.683 0.000
925.373 0.000
926.064 0.000
926.756 0.000
927.450 0.000
928.144 0.000
928.839 0.000
929.535 0.000
930.233 0.000
930.931 0.000
931.630 0.000
932.331 0.000
933.032 0.000
933.735 0.000
934.439 0.000
935.143 0.000
935.849 0.000
936.556 0.000
937.264 0.000
937.973 0.000
938.683 0.000
939.394 0.000
940.106 0.000
940.819 0.000
941.534 0.000
942.249 0.000
942.966 0.000
943.683 0.000
944.402 0.000
945.122 0.000
945.843 0.000
946.565 0.000
947.288 0.000
948.012 0.000
948.738 0.000
949.464 0.000
950.192 0.000
950.920 0.000
951.650 0.000
952.381 0.000
953.113 0.000
953.846 0.000
954.580 0.000
955.316 0.000
956.052 0.000
956.790 0.000
957.529 0.000
958.269 0.000
959.010 0.000
959.752 0.000
960.496 0.000
961.240 0.000
961.986 0.000
962.733 0.000
963.481 0.000
964.230 0.000
964.981 0.000
965.732 0.000
966.485 0.000
967.239 0.000
967.994 0.000
968.750 0.000
969.507 0.000
970.266 0.000
971.026 0.000
971.787 0.000
972.549 0.000
973.312 0.000
974.077 0.000
974.843 0.000
975.610 0.000
976.378 0.000
977.147 0.000
977.918 0.000
978.690 0.000
979.463 0.000
980.237 0.000
981.013 0.000
981.789 0.000
982.567 0.000
983.347 0.000
984.127 0.000
984.909 0.000
985.692 0.000
986.476 0.000
987.261 0.000
988.048 0.000
988.836 0.000
989.625 0.000
990.415 0.000
991.207 0.000
992.000 0.000
992.794 0.000
993.590 0.000
994.387 0.000
995.185 0.000
995.984 0.000
996.785 0.000
997.586 0.000
998.390 0.000
999.194 0.000
1000.000 0.000
1000.807 0.000
1001.616 0.000
1002.425 0.000
1003.236 0.000
1004.049 0.000
1004.862 0.000
1005.677 0.000
1006.494 0.000
1007.311 0.000
1008.130 0.000
1008.950 0.000
1009.772 0.000
1010.595 0.000
1011.419 0.000
1012.245 0.000
1013.072 0.000
1013.900 0.000
1014.730 0.000
1015.561 0.000
1016.393 0.000
1017.227 0.000
1018.062 0.000
1018.899 0.000
1019.737 0.000
1020.576 0.000
1021.417 0.000
1022.259 0.000
1023.102 0.000
1023.947 0.000
1024.793 0.000
1025.641 0.000
1026.490 0.000
1027.341 0.000
1028.192 0.000
1029.046 0.000
1029.900 0.000
1030.756 0.000
1031.614 0.000
1032.473 0.000
1033.333 0.000
1034.195 0.000
1035.058 0.000
1035.923 0.000
1036.789 0.000
1037.657 0.000
1038.526 0.000
1039.396 0.000
1040.268 0.000
1041.142 0.000
1042.017 0.000
1042.893 0.000
1043.771 0.000
1044.650 0.000
1045.531 0.000
1046.414 0.000
1047.297 0.000
1048.183 0.000
1049.069 0.000
1049.958 0.000
1050.847 0.000
1051.739 0.000
1052.632 0.000
1053.526 0.000
1054.422 0.000
1055.319 0.000
1056.218 0.000
1057.118 0.000
1058.020 0.000
1058.924 0.000
1059.829 0.000
1060.736 0.000
1061.644 0.000
1062.554 0.000
1063.465 0.000
1064.378 0.000
1065.292 0.000
1066.208 0.000
1067.126 0.000
1068.045 0.000
1068.966 0.000
1069.888 0.000
1070.812 0.000
1071.737 0.000
1072.664 0.000
1073.593 0.000
1074.523 0.000
1075.455 0.000
1076.389 0.000
1077.324 0.000
1078.261 0.000
1079.199 0.000
1080.139 0.000
1081.081 0.000
1082.024 0.000
1082.969 0.000
1083.916 0.000
1084.864 0.000
1085.814 0.000
1086.766 0.000
1087.719 0.000
1088.674 0.000
1089.631 0.000
1090.589 0.000
1091.549 0.000
1092.511 0.000
1093.474 0.000
1094.440 0.000
1095.406 0.000
1096.375 0.000
1097.345 0.000
1098.317 0.000
1099.291 0.000
1100.266 0.000
1101.243 0.000
1102.222 0.000
1103.203 0.000
1104.185 0.000
1105.169 0.000
1106.155 0.000
1107.143 0.000
1108.132 0.000
1109.123 0.000
1110.116 0.000
1111.111 0.000
1112.108 0.000
1113.106 0.000
1114.106 0.000
1115.108 0.000
1116.112 0.000
1117.117 0.000
1118.124 0.000
1119.134 0.000
1120.145 0.000
1121.157 0.000
1122.172 0.000
1123.188 0.000
1124.207 0.000
1125.227 0.000
1126.249 0.000
1127.273 0.000
1128.298 0.000
1129.326 0.000
1130.356 0.000
1131.387 0.000
1132.420 0.000
1133.455 0.000
1134.492 0.000
1135.531 0.000
1136.572 0.000
1137.615 0.000
1138.659 0.000
1139.706 0.000
1140.754 0.000
1141.805 0.000
1142.857 0.000
1143.911 0.000
1144.968 0.000
1146.026 0.000
1147.086 0.000
1148.148 0.000
1149.212 0.000
1150.278 0.000
1151.346 0.000
1152.416 0.000
1153.488 0.000
1154.562 0.000
1155.638 0.000
1156.716 0.000
1157.796 0.000
1158.879 0.000
1159.963 0.000
1161.049 0.000
1162.137 0.000
1163.227 0.000
1164.319 0.000
1165.414 0.000
1166.510 0.000
1167.608 0.000
1168.709 0.000
1169.811 0.000
1170.916 0.000
1172.023 0.000
1173.132 0.000
1174.242 0.000
1175.355 0.000
1176.471 0.000
1177.588 0.000
1178.707 0.000
1179.829 0.000
1180.952 0.000
1182.078 0.000
1183.206 0.000
1184.336 0.000
1185.468 0.000
1186.603 0.000
1187.739 0.000
1188.878 0.000
1190.019 0.000
1191.162 0.000
1192.308 0.000
1193.455 0.000
1194.605 0.000
1195.757 0.000
1196.911 0.000
1198.068 0.000
1199.226 0.000
1200.387 0.000
1201.550 0.000
1202.716 0.000
1203.883 0.000
1205.053 0.000
1206.226 0.000
1207.400 0.000
1208.577 0.000
1209.756 0.000
1210.938 0.000
1212.121 0.000
1213.307 0.000
1214.496 0.000
1215.686 0.000
1216.879 0.000
1218.075 0.000
1219.272 0.000
1220.472 0.000
1221.675 0.000
1222.880 0.000
1224.087 0.000
1225.296 0.000
1226.508 0.000
1227.723 0.000
1228.940 0.000
1230.159 0.000
1231.380 0.000
1232.604 0.000
1233.831 0.000
1235.060 0.000
1236.291 0.000
1237.525 0.000
1238.761 0.000
