248.000 0.003
248.050 0.003
248.099 0.003
248.149 0.003
248.199 0.003
248.248 0.003
248.298 0.003
248.348 0.003
248.397 0.003
248.447 0.003
248.497 0.003
248.547 0.003
248.597 0.003
248.646 0.003
248.696 0.003
248.746 0.003
248.796 0.003
248.846 0.003
248.896 0.003
248.946 0.003
248.996 0.003
249.046 0.003
249.096 0.003
249.146 0.003
249.196 0.003
249.246 0.003
249.296 0.003
249.346 0.003
249.397 0.003
249.447 0.003
249.497 0.003
249.547 0.003
249.597 0.003
249.648 0.003
249.698 0.003
249.748 0.003
249.799 0.003
249.849 0.003
249.899 0.003
249.950 0.003
250.000 0.003
250.050 0.003
250.101 0.003
250.151 0.003
250.202 0.003
250.252 0.003
250.303 0.003
250.353 0.003
250.404 0.003
250.454 0.003
250.505 0.003
250.556 0.003
250.606 0.003
250.657 0.003
250.708 0.003
250.758 0.003
250.809 0.003
250.860 0.003
250.911 0.003
250.961 0.003
251.012 0.003
251.063 0.003
251.114 0.003
251.165 0.003
251.216 0.003
251.266 0.003
251.317 0.003
251.368 0.003
251.419 0.003
251.470 0.003
251.521 0.003
251.572 0.003
251.623 0.003
251.674 0.003
251.726 0.003
251.777 0.003
251.828 0.003
251.879 0.003
251.930 0.003
251.981 0.003
252.033 0.003
252.084 0.003
252.135 0.003
252.186 0.003
252.238 0.003
252.289 0.003
252.340 0.003
252.392 0.003
252.443 0.003
252.494 0.003
252.546 0.003
252.597 0.003
252.649 0.003
252.700 0.003
252.752 0.003
252.803 0.003
252.855 0.003
252.906 0.003
252.958 0.003
253.010 0.003
253.061 0.003
253.113 0.003
253.165 0.003
253.216 0.003
253.268 0.003
253.320 0.003
253.371 0.003
253.423 0.003
253.475 0.003
253.527 0.003
253.579 0.003
253.631 0.003
253.682 0.003
253.734 0.003
253.786 0.003
253.838 0.003
253.890 0.003
253.942 0.003
253.994 0.003
254.046 0.003
254.098 0.003
254.150 0.003
254.203 0.003
254.255 0.003
254.307 0.003
254.359 0.003
254.411 0.003
254.463 0.003
254.516 0.003
254.568 0.003
254.620 0.003
254.672 0.003
254.725 0.003
254.777 0.003
254.829 0.003
254.882 0.003
254.934 0.003
254.987 0.003
255.039 0.003
255.092 0.003
255.144 0.003
255.197 0.003
255.249 0.003
255.302 0.003
255.354 0.003
255.407 0.003
255.459 0.003
255.512 0.003
255.565 0.003
255.617 0.003
255.670 0.003
255.723 0.003
255.776 0.003
255.828 0.003
255.881 0.003
255.934 0.003
255.987 0.003
256.040 0.003
256.093 0.003
256.145 0.003
256.198 0.003
256.251 0.003
256.304 0.003
256.357 0.002
256.410 0.002
256.463 0.002
256.516 0.002
256.569 0.002
256.623 0.002
256.676 0.002
256.729 0.002
256.782 0.002
256.835 0.002
256.888 0.002
256.942 0.002
256.995 0.002
257.048 0.002
257.101 0.002
257.155 0.002
257.208 0.002
257.261 0.002
257.315 0.002
257.368 0.002
257.422 0.002
257.475 0.002
257.529 0.002
257.582 0.002
257.636 0.002
257.689 0.002
257.743 0.002
257.796 0.002
257.850 0.002
257.903 0.002
257.957 0.002
258.011 0.002
258.065 0.002
258.118 0.002
258.172 0.002
258.226 0.002
258.280 0.002
258.333 0.002
258.387 0.002
258.441 0.002
258.495 0.002
258.549 0.002
258.603 0.002
258.657 0.002
258.711 0.002
258.765 0.002
258.819 0.002
258.873 0.002
258.927 0.002
258.981 0.002
259.035 0.002
259.089 0.002
259.143 0.002
259.197 0.002
259.252 0.002
259.306 0.002
259.360 0.002
259.414 0.002
259.469 0.002
259.523 0.002
259.577 0.002
259.631 0.002
259.686 0.002
259.740 0.002
259.795 0.002
259.849 0.002
259.904 0.002
259.958 0.002
260.013 0.002
260.067 0.002
260.122 0.002
260.176 0.002
260.231 0.002
260.285 0.002
260.340 0.002
260.395 0.002
260.449 0.002
260.504 0.002
260.559 0.002
260.614 0.002
260.668 0.002
260.723 0.002
260.778 0.002
260.833 0.002
260.888 0.002
260.943 0.002
260.998 0.002
261.053 0.002
261.108 0.002
261.163 0.002
261.218 0.002
261.273 0.002
261.328 0.002
261.383 0.002
261.438 0.002
261.493 0.002
261.548 0.002
261.603 0.002
261.659 0.002
261.714 0.002
261.769 0.002
261.824 0.002
261.880 0.002
261.935 0.002
261.990 0.002
262.046 0.002
262.101 0.002
262.156 0.002
262.212 0.002
262.267 0.002
262.323 0.002
262.378 0.002
262.434 0.002
262.489 0.002
262.545 0.002
262.601 0.002
262.656 0.002
262.712 0.002
262.768 0.002
262.823 0.002
262.879 0.002
262.935 0.002
262.990 0.002
263.046 0.002
263.102 0.002
263.158 0.002
263.214 0.002
263.270 0.002
263.326 0.002
263.381 0.002
263.437 0.002
263.493 0.002
263.549 0.002
263.605 0.002
263.661 0.002
263.718 0.002
263.774 0.002
263.830 0.002
263.886 0.002
263.942 0.002
263.998 0.002
264.055 0.002
264.111 0.002
264.167 0.002
264.223 0.002
264.280 0.002
264.336 0.002
264.392 0.002
264.449 0.002
264.505 0.002
264.562 0.002
264.618 0.002
264.674 0.002
264.731 0.002
264.788 0.002
264.844 0.002
264.901 0.002
264.957 0.002
265.014 0.002
265.071 0.002
265.127 0.002
265.184 0.002
265.241 0.002
265.297 0.002
265.354 0.002
265.411 0.002
265.468 0.002
265.525 0.002
265.581 0.002
265.638 0.002
265.695 0.002
265.752 0.002
265.809 0.002
265.866 0.002
265.923 0.002
265.980 0.002
266.037 0.002
266.094 0.002
266.152 0.002
266.209 0.002
266.266 0.002
266.323 0.002
266.380 0.002
266.437 0.002
266.495 0.002
266.552 0.002
266.609 0.002
266.667 0.002
266.724 0.002
266.781 0.002
266.839 0.002
266.896 0.002
266.954 0.002
267.011 0.002
267.069 0.002
267.126 0.002
267.184 0.002
267.241 0.002
267.299 0.002
267.357 0.002
267.414 0.002
267.472 0.002
267.530 0.002
267.587 0.002
267.645 0.002
267.703 0.002
267.761 0.002
267.819 0.002
267.876 0.002
267.934 0.002
267.992 0.002
268.050 0.002
268.108 0.002
268.166 0.002
268.224 0.002
268.282 0.002
268.340 0.002
268.398 0.002
268.456 0.002
268.515 0.002
268.573 0.002
268.631 0.002
268.689 0.002
268.747 0.002
268.806 0.002
268.864 0.002
268.922 0.002
268.980 0.002
269.039 0.002
269.097 0.002
269.156 0.002
269.214 0.002
269.273 0.002
269.331 0.002
269.390 0.002
269.448 0.002
269.507 0.002
269.565 0.002
269.624 0.002
269.682 0.002
269.741 0.002
269.800 0.002
269.859 0.002
269.917 0.002
269.976 0.002
270.035 0.002
270.094 0.002
270.153 0.002
270.211 0.002
270.270 0.002
270.329 0.002
270.388 0.002
270.447 0.002
270.506 0.002
270.565 0.002
270.624 0.002
270.683 0.002
270.742 0.002
270.801 0.002
270.861 0.002
270.920 0.002
270.979 0.002
271.038 0.002
271.098 0.002
271.157 0.002
271.216 0.002
271.275 0.002
271.335 0.002
271.394 0.002
271.454 0.002
271.513 0.002
271.572 0.002
271.632 0.002
271.691 0.002
271.751 0.002
271.811 0.002
271.870 0.002
271.930 0.002
271.989 0.002
272.049 0.002
272.109 0.002
272.169 0.002
272.228 0.002
272.288 0.002
272.348 0.002
272.408 0.002
272.468 0.002
272.527 0.002
272.587 0.002
272.647 0.002
272.707 0.002
272.767 0.002
272.827 0.002
272.887 0.002
272.947 0.002
273.007 0.002
273.068 0.002
273.128 0.002
273.188 0.002
273.248 0.002
273.308 0.002
273.369 0.002
273.429 0.002
273.489 0.002
273.550 0.002
273.610 0.002
273.670 0.002
273.731 0.002
273.791 0.002
273.852 0.002
273.912 0.002
273.973 0.002
274.033 0.002
274.094 0.002
274.154 0.002
274.215 0.002
274.276 0.002
274.336 0.002
274.397 0.002
274.458 0.002
274.518 0.002
274.579 0.002
274.640 0.002
274.701 0.002
274.762 0.002
274.823 0.002
274.884 0.002
274.945 0.002
275.006 0.002
275.067 0.002
275.128 0.002
275.189 0.002
275.250 0.002
275.311 0.002
275.372 0.002
275.433 0.002
275.494 0.002
275.556 0.002
275.617 0.002
275.678 0.002
275.739 0.002
275.801 0.002
275.862 0.002
275.923 0.002
275.985 0.002
276.046 0.002
276.108 0.002
276.169 0.002
276.231 0.002
276.292 0.002
276.354 0.002
276.416 0.002
276.477 0.002
276.539 0.002
276.600 0.002
276.662 0.002
276.724 0.002
276.786 0.002
276.848 0.002
276.909 0.002
276.971 0.002
277.033 0.002
277.095 0.002
277.157 0.002
277.219 0.002
277.281 0.002
277.343 0.002
277.405 0.002
277.467 0.001
277.529 0.001
277.591 0.001
277.653 0.001
277.716 0.001
277.778 0.001
277.840 0.001
277.902 0.001
277.965 0.001
278.027 0.001
278.089 0.001
278.152 0.001
278.214 0.001
278.276 0.001
278.339 0.001
278.401 0.001
278.464 0.001
278.527 0.001
278.589 0.001
278.652 0.001
278.714 0.001
278.777 0.001
278.840 0.001
278.902 0.001
278.965 0.001
279.028 0.001
279.091 0.001
279.154 0.001
279.216 0.001
279.279 0.001
279.342 0.001
279.405 0.001
279.468 0.001
279.531 0.001
279.594 0.001
279.657 0.001
279.720 0.001
279.783 0.001
279.847 0.001
279.910 0.001
279.973 0.001
280.036 0.001
280.099 0.001
280.163 0.001
280.226 0.001
280.289 0.001
280.353 0.001
280.416 0.001
280.480 0.001
280.543 0.001
280.606 0.001
280.670 0.001
280.734 0.001
280.797 0.001
280.861 0.001
280.924 0.001
280.988 0.001
281.052 0.001
281.115 0.001
281.179 0.001
281.243 0.001
281.307 0.001
281.371 0.001
281.434 0.001
281.498 0.001
281.562 0.001
281.626 0.001
281.690 0.001
281.754 0.001
281.818 0.001
281.882 0.001
281.946 0.001
282.010 0.001
282.075 0.001
282.139 0.001
282.203 0.001
282.267 0.001
282.332 0.001
282.396 0.001
282.460 0.001
282.524 0.001
282.589 0.001
282.653 0.001
282.718 0.001
282.782 0.001
282.847 0.001
282.911 0.001
282.976 0.001
283.040 0.001
283.105 0.001
283.170 0.001
283.234 0.001
283.299 0.001
283.364 0.001
283.429 0.001
283.493 0.001
283.558 0.001
283.623 0.001
283.688 0.001
283.753 0.001
283.818 0.001
283.883 0.001
283.948 0.001
284.013 0.001
284.078 0.001
284.143 0.001
284.208 0.001
284.273 0.001
284.338 0.001
284.404 0.001
284.469 0.001
284.534 0.001
284.599 0.001
284.665 0.001
284.730 0.001
284.796 0.001
284.861 0.001
284.926 0.001
284.992 0.001
285.057 0.001
285.123 0.001
285.189 0.001
285.254 0.001
285.320 0.001
285.386 0.001
285.451 0.001
285.517 0.001
285.583 0.001
285.648 0.001
285.714 0.001
285.780 0.001
285.846 0.001
285.912 0.001
285.978 0.001
286.044 0.001
286.110 0.001
286.176 0.001
286.242 0.001
286.308 0.001
286.374 0.001
286.440 0.001
286.506 0.001
286.573 0.001
286.639 0.001
286.705 0.001
286.772 0.001
286.838 0.001
286.904 0.001
286.971 0.001
287.037 0.001
287.103 0.001
287.170 0.001
287.237 0.001
287.303 0.001
287.370 0.001
287.436 0.001
287.503 0.001
287.570 0.001
287.636 0.001
287.703 0.001
287.770 0.001
287.837 0.001
287.903 0.001
287.970 0.001
288.037 0.001
288.104 0.001
288.171 0.001
288.238 0.001
288.305 0.001
288.372 0.001
288.439 0.001
288.506 0.001
288.573 0.001
288.641 0.001
288.708 0.001
288.775 0.001
288.842 0.001
288.910 0.001
288.977 0.001
289.044 0.001
289.112 0.001
289.179 0.001
289.247 0.001
289.314 0.001
289.382 0.001
289.449 0.001
289.517 0.001
289.584 0.001
289.652 0.001
289.720 0.001
289.787 0.001
289.855 0.001
289.923 0.001
289.991 0.001
290.058 0.001
290.126 0.001
290.194 0.001
290.262 0.001
290.330 0.001
290.398 0.001
290.466 0.001
290.534 0.001
290.602 0.001
290.670 0.001
290.739 0.001
290.807 0.001
290.875 0.001
290.943 0.001
291.011 0.001
291.080 0.001
291.148 0.001
291.217 0.001
291.285 0.001
291.353 0.001
291.422 0.001
291.490 0.001
291.559 0.001
291.627 0.001
291.696 0.001
291.765 0.001
291.833 0.001
291.902 0.001
291.971 0.001
292.040 0.001
292.108 0.001
292.177 0.001
292.246 0.001
292.315 0.001
292.384 0.001
292.453 0.001
292.522 0.001
292.591 0.001
292.660 0.001
292.729 0.001
292.798 0.001
292.867 0.001
292.936 0.001
293.006 0.001
293.075 0.001
293.144 0.001
293.214 0.001
293.283 0.001
293.352 0.001
293.422 0.001
293.491 0.001
293.561 0.001
293.630 0.001
293.700 0.001
293.769 0.001
293.839 0.001
293.909 0.001
293.978 0.001
294.048 0.001
294.118 0.001
294.187 0.001
294.257 0.001
294.327 0.001
294.397 0.001
294.467 0.001
294.537 0.001
294.607 0.001
294.677 0.001
294.747 0.001
294.817 0.001
294.887 0.001
294.957 0.001
295.027 0.001
295.098 0.001
295.168 0.001
295.238 0.001
295.308 0.001
295.379 0.001
295.449 0.001
295.520 0.001
295.590 0.001
295.660 0.001
295.731 0.001
295.802 0.001
295.872 0.001
295.943 0.001
296.013 0.001
296.084 0.001
296.155 0.001
296.226 0.001
296.296 0.001
296.367 0.001
296.438 0.001
296.509 0.001
296.580 0.001
296.651 0.001
296.722 0.001
296.793 0.001
296.864 0.001
296.935 0.001
297.006 0.001
297.077 0.001
297.148 0.001
297.220 0.001
297.291 0.001
297.362 0.001
297.433 0.001
297.505 0.001
297.576 0.001
297.648 0.001
297.719 0.001
297.791 0.001
297.862 0.001
297.934 0.001
298.005 0.001
298.077 0.001
298.149 0.001
298.220 0.001
298.292 0.001
298.364 0.001
298.436 0.001
298.507 0.001
298.579 0.001
298.651 0.001
298.723 0.001
298.795 0.001
298.867 0.001
298.939 0.001
299.011 0.001
299.083 0.001
299.156 0.001
299.228 0.001
299.300 0.001
299.372 0.001
299.445 0.001
299.517 0.001
299.589 0.001
299.662 0.001
299.734 0.001
299.807 0.001
299.879 0.001
299.952 0.001
300.024 0.001
300.097 0.001
300.169 0.001
300.242 0.001
300.315 0.001
300.388 0.001
300.460 0.001
300.533 0.001
300.606 0.001
300.679 0.001
300.752 0.001
300.825 0.001
300.898 0.001
300.971 0.001
301.044 0.001
301.117 0.001
301.190 0.001
301.263 0.001
301.337 0.001
301.410 0.001
301.483 0.001
301.556 0.001
301.630 0.001
301.703 0.001
301.777 0.001
301.850 0.001
301.924 0.001
301.997 0.001
302.071 0.001
302.144 0.001
302.218 0.001
302.292 0.001
302.365 0.001
302.439 0.001
302.513 0.001
302.587 0.001
302.660 0.001
302.734 0.001
302.808 0.001
302.882 0.001
302.956 0.001
303.030 0.001
303.104 0.001
303.178 0.001
303.253 0.001
303.327 0.001
303.401 0.001
303.475 0.001
303.550 0.001
303.624 0.001
303.698 0.001
303.773 0.001
303.847 0.001
303.922 0.001
303.996 0.001
304.071 0.001
304.145 0.001
304.220 0.001
304.294 0.001
304.369 0.001
304.444 0.001
304.519 0.001
304.593 0.001
304.668 0.001
304.743 0.001
304.818 0.001
304.893 0.001
304.968 0.001
305.043 0.001
305.118 0.001
305.193 0.001
305.268 0.001
305.344 0.001
305.419 0.001
305.494 0.001
305.569 0.001
305.645 0.001
305.720 0.001
305.795 0.001
305.871 0.001
305.946 0.001
306.022 0.001
306.097 0.001
306.173 0.001
306.248 0.001
306.324 0.001
306.400 0.001
306.476 0.001
306.551 0.001
306.627 0.001
306.703 0.001
306.779 0.001
306.855 0.001
306.931 0.001
307.007 0.001
307.083 0.001
307.159 0.001
307.235 0.001
307.311 0.001
307.387 0.001
307.463 0.001
307.540 0.001
307.616 0.001
307.692 0.001
307.769 0.001
307.845 0.001
307.922 0.001
307.998 0.001
308.075 0.001
308.151 0.001
308.228 0.001
308.304 0.001
308.381 0.001
308.458 0.001
308.534 0.001
308.611 0.001
308.688 0.001
308.765 0.001
308.842 0.001
308.919 0.001
308.996 0.001
309.073 0.001
309.150 0.001
309.227 0.001
309.304 0.001
309.381 0.001
309.458 0.001
309.536 0.001
309.613 0.001
309.690 0.001
309.768 0.001
309.845 0.001
309.923 0.001
310.000 0.001
310.078 0.001
310.155 0.001
310.233 0.001
310.310 0.001
310.388 0.001
310.466 0.001
310.543 0.001
310.621 0.001
310.699 0.001
310.777 0.001
310.855 0.001
310.933 0.001
311.011 0.001
311.089 0.001
311.167 0.001
311.245 0.001
311.323 0.001
311.401 0.001
311.480 0.001
311.558 0.001
311.636 0.001
311.714 0.001
311.793 0.001
311.871 0.001
311.950 0.001
312.028 0.001
312.107 0.001
312.185 0.001
312.264 0.001
312.343 0.001
312.421 0.001
312.500 0.001
312.579 0.001
312.658 0.001
312.736 0.001
312.815 0.001
312.894 0.001
312.973 0.001
313.052 0.001
313.131 0.001
313.210 0.001
313.290 0.001
313.369 0.001
313.448 0.001
313.527 0.001
313.606 0.001
313.686 0.001
313.765 0.001
313.845 0.001
313.924 0.001
314.004 0.001
314.083 0.001
314.163 0.001
314.242 0.001
314.322 0.001
314.402 0.001
314.481 0.001
314.561 0.001
314.641 0.001
314.721 0.001
314.801 0.001
314.881 0.001
314.961 0.001
315.041 0.001
315.121 0.001
315.201 0.001
315.281 0.001
315.361 0.001
315.441 0.001
315.522 0.001
315.602 0.001
315.682 0.001
315.763 0.001
315.843 0.001
315.924 0.001
316.004 0.001
316.085 0.001
316.165 0.001
316.246 0.001
316.327 0.001
316.407 0.001
316.488 0.001
316.569 0.001
316.650 0.001
316.731 0.001
316.811 0.001
316.892 0.001
316.973 0.001
317.054 0.001
317.136 0.001
317.217 0.001
317.298 0.001
317.379 0.001
317.460 0.001
317.542 0.001
317.623 0.001
317.704 0.001
317.786 0.001
317.867 0.001
317.949 0.001
318.030 0.001
318.112 0.001
318.193 0.001
318.275 0.001
318.357 0.001
318.439 0.001
318.520 0.001
318.602 0.001
318.684 0.001
318.766 0.001
318.848 0.001
318.930 0.001
319.012 0.001
319.094 0.001
319.176 0.001
319.258 0.001
319.341 0.001
319.423 0.001
319.505 0.001
319.588 0.001
319.670 0.001
319.752 0.001
319.835 0.001
319.917 0.001
320.000 0.001
320.083 0.001
320.165 0.001
320.248 0.001
320.331 0.001
320.413 0.001
320.496 0.001
320.579 0.001
320.662 0.001
320.745 0.001
320.828 0.001
320.911 0.001
320.994 0.001
321.077 0.001
321.160 0.001
321.244 0.001
321.327 0.001
321.410 0.001
321.493 0.001
321.577 0.001
321.660 0.001
321.744 0.001
321.827 0.001
321.911 0.001
321.994 0.001
322.078 0.001
322.162 0.001
322.245 0.001
322.329 0.001
322.413 0.001
322.497 0.001
322.581 0.001
322.665 0.001
322.749 0.001
322.833 0.001
322.917 0.001
323.001 0.001
323.085 0.001
323.169 0.001
323.253 0.001
323.338 0.001
323.422 0.001
323.506 0.001
323.591 0.001
323.675 0.001
323.760 0.001
323.844 0.001
323.929 0.001
324.014 0.001
324.098 0.001
324.183 0.001
324.268 0.001
324.353 0.001
324.437 0.001
324.522 0.001
324.607 0.001
324.692 0.001
324.777 0.001
324.862 0.001
324.948 0.001
325.033 0.001
325.118 0.001
325.203 0.001
325.289 0.001
325.374 0.001
325.459 0.001
325.545 0.001
325.630 0.001
325.716 0.001
325.801 0.001
325.887 0.001
325.973 0.001
326.058 0.001
326.144 0.001
326.230 0.001
326.316 0.001
326.402 0.001
326.488 0.001
326.574 0.001
326.660 0.001
326.746 0.001
326.832 0.001
326.918 0.001
327.004 0.001
327.090 0.001
327.177 0.001
327.263 0.001
327.350 0.001
327.436 0.001
327.522 0.001
327.609 0.001
327.696 0.001
327.782 0.001
327.869 0.001
327.956 0.001
328.042 0.001
328.129 0.001
328.216 0.001
328.303 0.001
328.390 0.001
328.477 0.001
328.564 0.001
328.651 0.001
328.738 0.001
328.825 0.001
328.912 0.001
329.000 0.001
329.087 0.001
329.174 0.001
329.262 0.001
329.349 0.001
329.437 0.001
329.524 0.001
329.612 0.001
329.700 0.001
329.787 0.001
329.875 0.001
329.963 0.001
330.051 0.001
330.138 0.001
330.226 0.001
330.314 0.001
330.402 0.001
330.490 0.001
330.579 0.001
330.667 0.001
330.755 0.001
330.843 0.001
330.931 0.001
331.020 0.001
331.108 0.001
331.197 0.001
331.285 0.001
331.374 0.001
331.462 0.001
331.551 0.001
331.639 0.001
331.728 0.001
331.817 0.001
331.906 0.001
331.995 0.001
332.084 0.001
332.173 0.001
332.262 0.001
332.351 0.001
332.440 0.001
332.529 0.001
332.618 0.001
332.707 0.001
332.797 0.001
332.886 0.001
332.975 0.001
333.065 0.001
333.154 0.001
333.244 0.001
333.333 0.001
333.423 0.001
333.513 0.001
333.602 0.001
333.692 0.001
333.782 0.001
333.872 0.001
333.962 0.001
334.052 0.001
334.142 0.001
334.232 0.001
334.322 0.001
334.412 0.001
334.502 0.001
334.593 0.001
334.683 0.001
334.773 0.001
334.864 0.001
334.954 0.001
335.045 0.001
335.135 0.001
335.226 0.001
335.316 0.001
335.407 0.001
335.498 0.001
335.589 0.001
335.679 0.001
335.770 0.001
335.861 0.001
335.952 0.001
336.043 0.001
336.134 0.001
336.226 0.001
336.317 0.001
336.408 0.001
336.499 0.001
336.591 0.001
336.682 0.001
336.773 0.001
336.865 0.001
336.957 0.001
337.048 0.001
337.140 0.001
337.231 0.001
337.323 0.001
337.415 0.001
337.507 0.001
337.599 0.001
337.691 0.001
337.783 0.001
337.875 0.001
337.967 0.001
338.059 0.001
338.151 0.001
338.243 0.001
338.336 0.001
338.428 0.001
338.520 0.001
338.613 0.001
338.705 0.001
338.798 0.001
338.890 0.001
338.983 0.001
339.076 0.001
339.168 0.001
339.261 0.001
339.354 0.001
339.447 0.001
339.540 0.001
339.633 0.001
339.726 0.001
339.819 0.001
339.912 0.001
340.005 0.001
340.099 0.001
340.192 0.001
340.285 0.001
340.379 0.001
340.472 0.001
340.566 0.001
340.659 0.001
340.753 0.001
340.847 0.001
340.940 0.001
341.034 0.001
341.128 0.001
341.222 0.001
341.316 0.001
341.410 0.001
341.504 0.001
341.598 0.001
341.692 0.001
341.786 0.001
341.880 0.001
341.975 0.001
342.069 0.001
342.163 0.001
342.258 0.001
342.352 0.001
342.447 0.001
342.541 0.001
342.636 0.001
342.731 0.001
342.826 0.001
342.920 0.001
343.015 0.001
343.110 0.001
343.205 0.001
343.300 0.001
343.395 0.001
343.490 0.001
343.585 0.001
343.681 0.001
343.776 0.001
343.871 0.001
343.967 0.001
344.062 0.001
344.158 0.001
344.253 0.001
344.349 0.001
344.444 0.001
344.540 0.001
344.636 0.001
344.732 0.001
344.828 0.001
344.924 0.001
345.019 0.001
345.116 0.001
345.212 0.001
345.308 0.001
345.404 0.001
345.500 0.001
345.596 0.001
345.693 0.001
345.789 0.001
345.886 0.001
345.982 0.001
346.079 0.001
346.175 0.001
346.272 0.001
346.369 0.001
346.465 0.001
346.562 0.001
346.659 0.001
346.756 0.001
346.853 0.001
346.950 0.001
347.047 0.001
347.144 0.001
347.242 0.001
347.339 0.001
347.436 0.001
347.534 0.001
347.631 0.001
347.729 0.001
347.826 0.001
347.924 0.001
348.021 0.001
348.119 0.001
348.217 0.001
348.315 0.001
348.412 0.001
348.510 0.001
348.608 0.001
348.706 0.001
348.805 0.001
348.903 0.001
349.001 0.001
349.099 0.001
349.197 0.001
349.296 0.001
349.394 0.001
349.493 0.001
349.591 0.001
349.690 0.001
349.788 0.001
349.887 0.001
349.986 0.001
350.085 0.001
350.184 0.001
350.282 0.001
350.381 0.001
350.480 0.001
350.580 0.001
350.679 0.001
350.778 0.001
350.877 0.001
350.977 0.001
351.076 0.001
351.175 0.001
351.275 0.001
351.374 0.001
351.474 0.001
351.574 0.001
351.673 0.001
351.773 0.001
351.873 0.001
351.973 0.001
352.073 0.001
352.173 0.001
352.273 0.001
352.373 0.001
352.473 0.001
352.573 0.001
352.673 0.001
352.774 0.001
352.874 0.001
352.975 0.001
353.075 0.001
353.176 0.001
353.276 0.001
353.377 0.001
353.478 0.001
353.579 0.001
353.679 0.001
353.780 0.001
353.881 0.001
353.982 0.001
354.083 0.001
354.185 0.001
354.286 0.001
354.387 0.001
354.488 0.001
354.590 0.001
354.691 0.001
354.793 0.001
354.894 0.001
354.996 0.001
355.097 0.001
355.199 0.001
355.301 0.001
355.403 0.001
355.505 0.001
355.607 0.001
355.709 0.001
355.811 0.001
355.913 0.001
356.015 0.001
356.117 0.001
356.219 0.001
356.322 0.001
356.424 0.001
356.527 0.001
356.629 0.001
356.732 0.001
356.835 0.001
356.937 0.001
357.040 0.001
357.143 0.001
357.246 0.001
357.349 0.001
357.452 0.001
357.555 0.001
357.658 0.001
357.761 0.001
357.864 0.001
357.968 0.001
358.071 0.001
358.174 0.001
358.278 0.001
358.382 0.001
358.485 0.001
358.589 0.001
358.693 0.001
358.796 0.001
358.900 0.001
359.004 0.001
359.108 0.001
359.212 0.001
359.316 0.001
359.420 0.001
359.524 0.001
359.629 0.001
359.733 0.001
359.837 0.001
359.942 0.001
360.046 0.001
360.151 0.001
360.256 0.001
360.360 0.001
360.465 0.001
360.570 0.001
360.675 0.001
360.780 0.001
360.885 0.001
360.990 0.001
361.095 0.001
361.200 0.001
361.305 0.001
361.411 0.001
361.516 0.001
361.621 0.001
361.727 0.001
361.833 0.001
361.938 0.001
362.044 0.001
362.150 0.001
362.255 0.001
362.361 0.001
362.467 0.001
362.573 0.001
362.679 0.001
362.785 0.001
362.891 0.001
362.998 0.001
363.104 0.001
363.210 0.001
363.317 0.001
363.423 0.001
363.530 0.001
363.636 0.001
363.743 0.001
363.850 0.001
363.957 0.001
364.063 0.001
364.170 0.001
364.277 0.001
364.384 0.001
364.491 0.001
364.599 0.001
364.706 0.001
364.813 0.001
364.921 0.001
365.028 0.001
365.135 0.001
365.243 0.001
365.351 0.001
365.458 0.001
365.566 0.001
365.674 0.001
365.782 0.001
365.890 0.001
365.998 0.001
366.106 0.001
366.214 0.001
366.322 0.001
366.430 0.001
366.539 0.001
366.647 0.001
366.755 0.001
366.864 0.001
366.972 0.001
367.081 0.001
367.190 0.001
367.299 0.001
367.407 0.001
367.516 0.001
367.625 0.001
367.734 0.001
367.843 0.001
367.953 0.001
368.062 0.001
368.171 0.001
368.280 0.001
368.390 0.001
368.499 0.001
368.609 0.001
368.718 0.001
368.828 0.001
368.938 0.001
369.048 0.001
369.157 0.001
369.267 0.001
369.377 0.001
369.487 0.001
369.598 0.001
369.708 0.001
369.818 0.001
369.928 0.001
370.039 0.001
370.149 0.001
370.260 0.001
370.370 0.001
370.481 0.001
370.592 0.001
370.703 0.001
370.813 0.001
370.924 0.001
371.035 0.001
371.146 0.001
371.257 0.001
371.369 0.001
371.480 0.001
371.591 0.001
371.703 0.001
371.814 0.001
371.926 0.001
372.037 0.001
372.149 0.001
372.261 0.001
372.372 0.001
372.484 0.001
372.596 0.001
372.708 0.001
372.820 0.001
372.932 0.001
373.045 0.001
373.157 0.001
373.269 0.001
373.382 0.001
373.494 0.001
373.607 0.001
373.719 0.001
373.832 0.001
373.945 0.001
374.057 0.001
374.170 0.001
374.283 0.001
374.396 0.001
374.509 0.001
374.622 0.001
374.736 0.001
374.849 0.001
374.962 0.001
375.076 0.001
375.189 0.001
375.303 0.001
375.416 0.001
375.530 0.001
375.644 0.001
375.758 0.001
375.871 0.001
375.985 0.001
376.099 0.001
376.214 0.001
376.328 0.001
376.442 0.001
376.556 0.001
376.671 0.001
376.785 0.001
376.900 0.001
377.014 0.001
377.129 0.001
377.244 0.001
377.358 0.001
377.473 0.001
377.588 0.001
377.703 0.001
377.818 0.001
377.934 0.001
378.049 0.001
378.164 0.001
378.279 0.001
378.395 0.001
378.510 0.001
378.626 0.001
378.742 0.001
378.857 0.001
378.973 0.001
379.089 0.001
379.205 0.001
379.321 0.001
379.437 0.001
379.553 0.001
379.669 0.001
379.786 0.001
379.902 0.001
380.018 0.001
380.135 0.001
380.251 0.001
380.368 0.001
380.485 0.001
380.602 0.001
380.718 0.001
380.835 0.001
380.952 0.001
381.069 0.001
381.187 0.001
381.304 0.001
381.421 0.001
381.538 0.001
381.656 0.001
381.773 0.001
381.891 0.001
382.009 0.001
382.126 0.001
382.244 0.001
382.362 0.001
382.480 0.001
382.598 0.001
382.716 0.001
382.834 0.001
382.952 0.001
383.071 0.001
383.189 0.001
383.308 0.001
383.426 0.001
383.545 0.001
383.663 0.001
383.782 0.001
383.901 0.001
384.020 0.001
384.139 0.001
384.258 0.001
384.377 0.001
384.496 0.001
384.615 0.001
384.735 0.001
384.854 0.001
384.974 0.001
385.093 0.001
385.213 0.001
385.333 0.001
385.452 0.001
385.572 0.001
385.692 0.001
385.812 0.001
385.932 0.001
386.052 0.001
386.173 0.001
386.293 0.001
386.413 0.001
386.534 0.001
386.654 0.001
386.775 0.001
386.895 0.001
387.016 0.001
387.137 0.001
387.258 0.001
387.379 0.001
387.500 0.001
387.621 0.001
387.742 0.001
387.864 0.001
387.985 0.001
388.106 0.001
388.228 0.001
388.350 0.001
388.471 0.001
388.593 0.001
388.715 0.001
388.837 0.001
388.959 0.001
389.081 0.001
389.203 0.001
389.325 0.001
389.447 0.001
389.570 0.001
389.692 0.001
389.815 0.001
389.937 0.001
390.060 0.001
390.183 0.001
390.305 0.001
390.428 0.001
390.551 0.001
390.674 0.001
390.797 0.001
390.921 0.001
391.044 0.001
391.167 0.001
391.291 0.001
391.414 0.001
391.538 0.001
391.661 0.001
391.785 0.001
391.909 0.001
392.033 0.001
392.157 0.001
392.281 0.001
392.405 0.001
392.529 0.001
392.654 0.001
392.778 0.001
392.902 0.001
393.027 0.001
393.152 0.001
393.276 0.001
393.401 0.001
393.526 0.001
393.651 0.001
393.776 0.001
393.901 0.001
394.026 0.001
394.151 0.001
394.277 0.001
394.402 0.001
394.528 0.001
394.653 0.001
394.779 0.001
394.904 0.001
395.030 0.001
395.156 0.001
395.282 0.001
395.408 0.001
395.534 0.001
395.660 0.001
395.787 0.001
395.913 0.001
396.040 0.001
396.166 0.001
396.293 0.001
396.419 0.001
396.546 0.001
396.673 0.001
396.800 0.001
396.927 0.001
397.054 0.001
397.181 0.001
397.309 0.001
397.436 0.001
397.563 0.001
397.691 0.001
397.818 0.001
397.946 0.001
398.074 0.001
398.202 0.001
398.330 0.001
398.458 0.001
398.586 0.001
398.714 0.001
398.842 0.001
398.970 0.001
399.099 0.001
399.227 0.001
399.356 0.001
399.485 0.001
399.613 0.001
399.742 0.001
399.871 0.001
400.000 0.001
400.129 0.001
400.258 0.001
400.387 0.001
400.517 0.001
400.646 0.001
400.776 0.001
400.905 0.001
401.035 0.001
401.165 0.001
401.294 0.001
401.424 0.001
401.554 0.001
401.684 0.001
401.815 0.001
401.945 0.001
402.075 0.001
402.206 0.001
402.336 0.001
402.467 0.001
402.597 0.001
402.728 0.001
402.859 0.001
402.990 0.001
403.121 0.001
403.252 0.001
403.383 0.001
403.514 0.001
403.646 0.001
403.777 0.001
403.909 0.001
404.040 0.001
404.172 0.001
404.304 0.001
404.436 0.001
404.568 0.001
404.700 0.001
404.832 0.001
404.964 0.001
405.096 0.001
405.229 0.001
405.361 0.001
405.494 0.001
405.626 0.001
405.759 0.001
405.892 0.001
406.025 0.001
406.158 0.001
406.291 0.001
406.424 0.001
406.557 0.001
406.691 0.001
406.824 0.001
406.958 0.001
407.091 0.001
407.225 0.001
407.359 0.001
407.493 0.001
407.627 0.001
407.761 0.001
407.895 0.001
408.029 0.001
408.163 0.001
408.298 0.001
408.432 0.001
408.567 0.001
408.701 0.001
408.836 0.001
408.971 0.001
409.106 0.001
409.241 0.001
409.376 0.001
409.511 0.001
409.647 0.001
409.782 0.001
409.917 0.001
410.053 0.001
410.189 0.001
410.324 0.001
410.460 0.001
410.596 0.001
410.732 0.001
410.868 0.001
411.004 0.001
411.141 0.001
411.277 0.001
411.413 0.001
411.550 0.001
411.687 0.001
411.823 0.001
411.960 0.001
412.097 0.001
412.234 0.001
412.371 0.001
412.508 0.001
412.646 0.001
412.783 0.001
412.920 0.001
413.058 0.001
413.196 0.001
413.333 0.001
413.471 0.001
413.609 0.001
413.747 0.001
413.885 0.001
414.023 0.001
414.162 0.001
414.300 0.001
414.439 0.001
414.577 0.001
414.716 0.001
414.854 0.001
414.993 0.001
415.132 0.001
415.271 0.001
415.410 0.001
415.550 0.001
415.689 0.001
415.828 0.001
415.968 0.001
416.107 0.001
416.247 0.001
416.387 0.001
416.527 0.001
416.667 0.001
416.807 0.001
416.947 0.001
417.087 0.001
417.227 0.001
417.368 0.001
417.508 0.001
417.649 0.001
417.790 0.001
417.931 0.001
418.071 0.001
418.212 0.001
418.354 0.001
418.495 0.001
418.636 0.001
418.777 0.001
418.919 0.001
419.060 0.001
419.202 0.001
419.344 0.001
419.486 0.001
419.628 0.001
419.770 0.001
419.912 0.001
420.054 0.001
420.197 0.001
420.339 0.001
420.482 0.001
420.624 0.001
420.767 0.001
420.910 0.001
421.053 0.001
421.196 0.001
421.339 0.001
421.482 0.001
421.625 0.001
421.769 0.001
421.912 0.001
422.056 0.001
422.200 0.001
422.343 0.001
422.487 0.001
422.631 0.001
422.775 0.001
422.920 0.001
423.064 0.001
423.208 0.001
423.353 0.001
423.497 0.001
423.642 0.001
423.787 0.001
423.932 0.001
424.077 0.001
424.222 0.001
424.367 0.001
424.512 0.001
424.658 0.001
424.803 0.001
424.949 0.001
425.094 0.001
425.240 0.001
425.386 0.001
425.532 0.001
425.678 0.001
425.824 0.001
425.970 0.001
426.117 0.001
426.263 0.001
426.410 0.001
426.557 0.001
426.703 0.001
426.850 0.001
426.997 0.001
427.144 0.001
427.292 0.001
427.439 0.001
427.586 0.001
427.734 0.001
427.881 0.001
428.029 0.001
428.177 0.001
428.325 0.001
428.473 0.001
428.621 0.001
428.769 0.001
428.917 0.001
429.066 0.001
429.214 0.001
429.363 0.001
429.512 0.001
429.660 0.001
429.809 0.001
429.958 0.001
430.108 0.001
430.257 0.001
430.406 0.001
430.556 0.001
430.705 0.001
430.855 0.001
431.005 0.001
431.154 0.001
431.304 0.001
431.454 0.001
431.605 0.001
431.755 0.001
431.905 0.001
432.056 0.001
432.206 0.001
432.357 0.001
432.508 0.001
432.659 0.001
432.810 0.001
432.961 0.001
433.112 0.001
433.263 0.001
433.415 0.001
433.566 0.001
433.718 0.001
433.870 0.001
434.022 0.001
434.174 0.001
434.326 0.001
434.478 0.001
434.630 0.001
434.783 0.001
434.935 0.001
435.088 0.001
435.240 0.001
435.393 0.001
435.546 0.001
435.699 0.001
435.852 0.001
436.006 0.001
436.159 0.001
436.312 0.001
436.466 0.001
436.620 0.001
436.774 0.001
436.927 0.001
437.081 0.001
437.236 0.001
437.390 0.001
437.544 0.001
437.699 0.001
437.853 0.001
438.008 0.001
438.163 0.001
438.317 0.001
438.472 0.001
438.628 0.001
438.783 0.001
438.938 0.001
439.093 0.001
439.249 0.001
439.405 0.001
439.560 0.001
439.716 0.001
439.872 0.001
440.028 0.001
440.185 0.001
440.341 0.001
440.497 0.001
440.654 0.001
440.811 0.001
440.967 0.001
441.124 0.001
441.281 0.001
441.438 0.001
441.595 0.001
441.753 0.001
441.910 0.001
442.068 0.001
442.225 0.001
442.383 0.001
442.541 0.001
442.699 0.001
442.857 0.001
443.015 0.001
443.174 0.001
443.332 0.001
443.491 0.001
443.649 0.001
443.808 0.001
443.967 0.001
444.126 0.001
444.285 0.001
444.444 0.001
444.604 0.001
444.763 0.001
444.923 0.001
445.083 0.001
445.242 0.001
445.402 0.001
445.562 0.001
445.723 0.001
445.883 0.001
446.043 0.001
446.204 0.001
446.364 0.001
446.525 0.001
446.686 0.001
446.847 0.001
447.008 0.001
447.169 0.001
447.330 0.001
447.492 0.001
447.653 0.001
447.815 0.001
447.977 0.001
448.139 0.001
448.301 0.001
448.463 0.001
448.625 0.001
448.788 0.001
448.950 0.001
449.113 0.001
449.275 0.001
449.438 0.001
449.601 0.001
449.764 0.001
449.927 0.001
450.091 0.001
450.254 0.001
450.418 0.001
450.581 0.001
450.745 0.001
450.909 0.001
451.073 0.001
451.237 0.001
451.402 0.001
451.566 0.001
451.730 0.001
451.895 0.001
452.060 0.001
452.225 0.001
452.390 0.001
452.555 0.001
452.720 0.001
452.885 0.001
453.051 0.001
453.216 0.001
453.382 0.001
453.548 0.001
453.714 0.001
453.880 0.001
454.046 0.001
454.212 0.001
454.379 0.001
454.545 0.001
454.712 0.001
454.879 0.001
455.046 0.001
455.213 0.001
455.380 0.001
455.547 0.001
455.715 0.001
455.882 0.001
456.050 0.001
456.218 0.001
456.386 0.001
456.554 0.001
456.722 0.001
456.890 0.001
457.059 0.001
457.227 0.001
457.396 0.001
457.565 0.001
457.733 0.001
457.903 0.001
458.072 0.001
458.241 0.001
458.410 0.001
458.580 0.001
458.750 0.001
458.919 0.001
459.089 0.001
459.259 0.001
459.429 0.001
459.600 0.001
459.770 0.001
459.941 0.001
460.111 0.001
460.282 0.001
460.453 0.001
460.624 0.001
460.795 0.001
460.967 0.001
461.138 0.001
461.310 0.001
461.481 0.001
461.653 0.001
461.825 0.001
461.997 0.001
462.169 0.001
462.342 0.001
462.514 0.001
462.687 0.001
462.859 0.001
463.032 0.001
463.205 0.001
463.378 0.001
463.551 0.001
463.725 0.001
463.898 0.001
464.072 0.001
464.246 0.001
464.419 0.001
464.593 0.001
464.768 0.001
464.942 0.001
465.116 0.001
465.291 0.001
465.465 0.001
465.640 0.001
465.815 0.001
465.990 0.001
466.165 0.001
466.341 0.001
466.516 0.001
466.692 0.001
466.867 0.001
467.043 0.001
467.219 0.001
467.395 0.001
467.572 0.001
467.748 0.001
467.925 0.001
468.101 0.001
468.278 0.001
468.455 0.001
468.632 0.001
468.809 0.001
468.986 0.001
469.164 0.001
469.341 0.001
469.519 0.001
469.697 0.001
469.875 0.001
470.053 0.001
470.231 0.001
470.410 0.001
470.588 0.001
470.767 0.001
470.946 0.001
471.125 0.001
471.304 0.001
471.483 0.001
471.662 0.001
471.842 0.001
472.021 0.001
472.201 0.001
472.381 0.001
472.561 0.001
472.741 0.001
472.921 0.001
473.102 0.001
473.282 0.001
473.463 0.001
473.644 0.001
473.825 0.001
474.006 0.001
474.187 0.001
474.369 0.001
474.550 0.001
474.732 0.001
474.914 0.001
475.096 0.001
475.278 0.001
475.460 0.001
475.643 0.001
475.825 0.001
476.008 0.001
476.190 0.001
476.373 0.001
476.556 0.001
476.740 0.001
476.923 0.001
477.107 0.001
477.290 0.001
477.474 0.001
477.658 0.001
477.842 0.001
478.026 0.001
478.211 0.001
478.395 0.001
478.580 0.001
478.764 0.001
478.949 0.001
479.134 0.001
479.320 0.001
479.505 0.001
479.691 0.001
479.876 0.001
480.062 0.001
480.248 0.001
480.434 0.001
480.620 0.001
480.807 0.001
480.993 0.001
481.180 0.001
481.366 0.001
481.553 0.001
481.740 0.001
481.928 0.001
482.115 0.001
482.303 0.001
482.490 0.001
482.678 0.001
482.866 0.001
483.054 0.001
483.242 0.001
483.431 0.001
483.619 0.001
483.808 0.001
483.997 0.001
484.186 0.001
484.375 0.001
484.564 0.001
484.754 0.001
484.943 0.001
485.133 0.001
485.323 0.001
485.513 0.001
485.703 0.001
485.893 0.001
486.084 0.001
486.275 0.001
486.465 0.001
486.656 0.001
486.847 0.001
487.038 0.001
487.230 0.001
487.421 0.001
487.613 0.001
487.805 0.001
487.997 0.001
488.189 0.001
488.381 0.001
488.574 0.001
488.766 0.001
488.959 0.001
489.152 0.001
489.345 0.001
489.538 0.001
489.731 0.001
489.925 0.001
490.119 0.001
490.312 0.001
490.506 0.001
490.700 0.001
490.895 0.001
491.089 0.001
491.284 0.001
491.478 0.001
491.673 0.001
491.868 0.001
492.063 0.001
492.259 0.001
492.454 0.001
492.650 0.001
492.846 0.001
493.042 0.001
493.238 0.001
493.434 0.001
493.631 0.001
493.827 0.001
494.024 0.001
494.221 0.001
494.418 0.001
494.615 0.001
494.812 0.001
495.010 0.001
495.208 0.001
495.406 0.001
495.604 0.001
495.802 0.001
496.000 0.001
496.198 0.001
496.397 0.001
496.596 0.001
496.795 0.001
496.994 0.001
497.193 0.001
497.393 0.001
497.592 0.001
497.792 0.001
497.992 0.001
498.192 0.001
498.392 0.001
498.593 0.001
498.793 0.001
498.994 0.001
499.195 0.001
499.396 0.001
499.597 0.001
499.798 0.001
500.000 0.001
500.202 0.001
500.404 0.001
500.606 0.001
500.808 0.001
501.010 0.001
501.213 0.001
501.415 0.001
501.618 0.001
501.821 0.001
502.024 0.001
502.228 0.001
502.431 0.001
502.635 0.001
502.839 0.001
503.043 0.001
503.247 0.001
503.451 0.001
503.656 0.001
503.860 0.001
504.065 0.001
504.270 0.001
504.475 0.001
504.681 0.001
504.886 0.001
505.092 0.001
505.297 0.001
505.503 0.001
505.710 0.001
505.916 0.001
506.122 0.001
506.329 0.001
506.536 0.001
506.743 0.001
506.950 0.001
507.157 0.001
507.365 0.001
507.573 0.001
507.781 0.001
507.989 0.001
508.197 0.001
508.405 0.001
508.614 0.001
508.822 0.001
509.031 0.001
509.240 0.001
509.449 0.001
509.659 0.001
509.868 0.001
510.078 0.001
510.288 0.001
510.498 0.001
510.708 0.001
510.919 0.001
511.129 0.001
511.340 0.001
511.551 0.001
511.762 0.001
511.974 0.001
512.185 0.001
512.397 0.001
512.609 0.001
512.821 0.001
513.033 0.001
513.245 0.001
513.458 0.001
513.670 0.001
513.883 0.001
514.096 0.001
514.309 0.001
514.523 0.001
514.736 0.001
514.950 0.001
515.164 0.001
515.378 0.001
515.593 0.001
515.807 0.001
516.022 0.001
516.236 0.001
516.451 0.001
516.667 0.001
516.882 0.001
517.098 0.001
517.313 0.001
517.529 0.001
517.745 0.001
517.962 0.001
518.178 0.001
518.395 0.001
518.611 0.001
518.828 0.001
519.046 0.001
519.263 0.001
519.481 0.001
519.698 0.001
519.916 0.001
520.134 0.001
520.352 0.001
520.571 0.001
520.790 0.001
521.008 0.001
521.227 0.001
521.447 0.001
521.666 0.001
521.886 0.001
522.105 0.001
522.325 0.001
522.545 0.001
522.766 0.001
522.986 0.001
523.207 0.001
523.428 0.001
523.649 0.001
523.870 0.001
524.091 0.001
524.313 0.001
524.535 0.001
524.757 0.001
524.979 0.001
525.201 0.001
525.424 0.001
525.646 0.001
525.869 0.001
526.092 0.001
526.316 0.001
526.539 0.001
526.763 0.001
526.987 0.001
527.211 0.001
527.435 0.001
527.660 0.001
527.884 0.001
528.109 0.001
528.334 0.001
528.559 0.001
528.785 0.001
529.010 0.001
529.236 0.001
529.462 0.001
529.688 0.001
529.915 0.001
530.141 0.001
530.368 0.001
530.595 0.001
530.822 0.001
531.049 0.001
531.277 0.001
531.505 0.001
531.732 0.001
531.961 0.001
532.189 0.001
532.417 0.001
532.646 0.001
532.875 0.001
533.104 0.001
533.333 0.001
533.563 0.001
533.793 0.001
534.022 0.001
534.252 0.001
534.483 0.001
534.713 0.001
534.944 0.001
535.175 0.001
535.406 0.001
535.637 0.001
535.869 0.001
536.100 0.001
536.332 0.001
536.564 0.001
536.797 0.001
537.029 0.001
537.262 0.001
537.495 0.001
537.728 0.001
537.961 0.001
538.194 0.001
538.428 0.001
538.662 0.001
538.896 0.001
539.130 0.001
539.365 0.001
539.600 0.001
539.835 0.001
540.070 0.001
540.305 0.001
540.541 0.001
540.776 0.001
541.012 0.001
541.248 0.001
541.485 0.001
541.721 0.001
541.958 0.001
542.195 0.001
542.432 0.001
542.670 0.001
542.907 0.001
543.145 0.001
543.383 0.001
543.621 0.001
543.860 0.001
544.098 0.001
544.337 0.001
544.576 0.001
544.815 0.001
545.055 0.001
545.295 0.001
545.535 0.001
545.775 0.001
546.015 0.001
546.256 0.001
546.496 0.001
546.737 0.001
546.978 0.001
547.220 0.001
547.461 0.001
547.703 0.001
547.945 0.001
548.187 0.001
548.430 0.001
548.673 0.001
548.915 0.001
549.159 0.001
549.402 0.001
549.645 0.001
549.889 0.001
550.133 0.001
550.377 0.001
550.622 0.001
550.866 0.001
551.111 0.001
551.356 0.001
551.601 0.001
551.847 0.001
552.093 0.001
552.339 0.001
552.585 0.001
552.831 0.001
553.078 0.001
553.324 0.001
553.571 0.001
553.819 0.001
554.066 0.001
554.314 0.001
554.562 0.001
554.810 0.001
555.058 0.001
555.307 0.001
555.556 0.001
555.805 0.001
556.054 0.001
556.303 0.001
556.553 0.001
556.803 0.001
557.053 0.001
557.303 0.001
557.554 0.001
557.805 0.001
558.056 0.001
558.307 0.001
558.559 0.001
558.810 0.001
559.062 0.001
559.314 0.001
559.567 0.001
559.819 0.001
560.072 0.001
560.325 0.001
560.579 0.001
560.832 0.001
561.086 0.001
561.340 0.001
561.594 0.001
561.849 0.001
562.103 0.001
562.358 0.001
562.613 0.001
562.869 0.001
563.124 0.001
563.380 0.001
563.636 0.001
563.893 0.001
564.149 0.001
564.406 0.001
564.663 0.001
564.920 0.001
565.178 0.001
565.435 0.001
565.693 0.001
565.952 0.001
566.210 0.001
566.469 0.001
566.728 0.001
566.987 0.001
567.246 0.001
567.506 0.001
567.766 0.001
568.026 0.001
568.286 0.001
568.547 0.001
568.807 0.001
569.068 0.001
569.330 0.001
569.591 0.001
569.853 0.001
570.115 0.001
570.377 0.001
570.640 0.001
570.902 0.001
571.165 0.001
571.429 0.001
571.692 0.001
571.956 0.001
572.220 0.001
572.484 0.001
572.748 0.001
573.013 0.001
573.278 0.001
573.543 0.001
573.808 0.001
574.074 0.001
574.340 0.001
574.606 0.001
574.873 0.001
575.139 0.001
575.406 0.001
575.673 0.001
575.941 0.001
576.208 0.001
576.476 0.001
576.744 0.001
577.013 0.001
577.281 0.001
577.550 0.001
577.819 0.001
578.089 0.001
578.358 0.001
578.628 0.001
578.898 0.001
579.169 0.001
579.439 0.001
579.710 0.001
579.981 0.001
580.253 0.001
580.524 0.001
580.796 0.001
581.068 0.001
581.341 0.001
581.614 0.001
581.886 0.001
582.160 0.001
582.433 0.001
582.707 0.001
582.981 0.001
583.255 0.001
583.529 0.001
583.804 0.001
584.079 0.001
584.354 0.001
584.630 0.001
584.906 0.001
585.182 0.001
585.458 0.001
585.735 0.001
586.011 0.001
586.288 0.001
586.566 0.001
586.843 0.001
587.121 0.001
587.399 0.001
587.678 0.001
587.956 0.001
588.235 0.001
588.514 0.001
588.794 0.001
589.074 0.001
589.354 0.001
589.634 0.001
589.914 0.001
590.195 0.001
590.476 0.001
590.758 0.001
591.039 0.001
591.321 0.001
591.603 0.001
591.885 0.001
592.168 0.001
592.451 0.001
592.734 0.001
593.018 0.001
593.301 0.001
593.585 0.001
593.870 0.001
594.154 0.001
594.439 0.001
594.724 0.001
595.010 0.001
595.295 0.001
595.581 0.001
595.867 0.001
596.154 0.001
596.441 0.001
596.728 0.001
597.015 0.001
597.303 0.001
597.590 0.001
597.878 0.001
598.167 0.001
598.456 0.001
598.745 0.001
599.034 0.001
599.323 0.001
599.613 0.001
599.903 0.001
600.194 0.001
600.484 0.001
600.775 0.001
601.066 0.001
601.358 0.001
601.650 0.001
601.942 0.001
602.234 0.001
602.527 0.001
602.820 0.001
603.113 0.001
603.406 0.001
603.700 0.001
603.994 0.001
604.288 0.001
604.583 0.001
604.878 0.001
605.173 0.001
605.469 0.001
605.765 0.001
606.061 0.001
606.357 0.001
606.654 0.001
606.951 0.001
607.248 0.001
607.545 0.001
607.843 0.001
608.141 0.001
608.440 0.001
608.738 0.001
609.037 0.001
609.337 0.001
609.636 0.001
609.936 0.001
610.236 0.001
610.537 0.001
610.837 0.001
611.138 0.001
611.440 0.001
611.741 0.001
612.043 0.001
612.346 0.001
612.648 0.001
612.951 0.001
613.254 0.001
613.558 0.001
613.861 0.001
614.165 0.001
614.470 0.001
614.774 0.001
615.079 0.001
615.385 0.001
615.690 0.001
615.996 0.001
616.302 0.001
616.609 0.001
616.915 0.001
617.222 0.001
617.530 0.001
617.838 0.001
618.146 0.001
618.454 0.001
618.762 0.001
619.071 0.001
619.381 0.001
619.690 0.001
620.000 0.001
620.310 0.001
620.621 0.001
620.931 0.001
621.242 0.001
621.554 0.001
621.866 0.001
622.178 0.001
622.490 0.001
622.803 0.001
623.116 0.001
623.429 0.001
623.742 0.001
624.056 0.001
624.371 0.001
624.685 0.001
625.000 0.001
625.315 0.001
625.631 0.001
625.946 0.001
626.263 0.001
626.579 0.001
626.896 0.001
627.213 0.001
627.530 0.001
627.848 0.001
628.166 0.001
628.485 0.001
628.803 0.001
629.122 0.001
629.442 0.001
629.761 0.001
630.081 0.001
630.402 0.001
630.722 0.001
631.043 0.001
631.365 0.001
631.686 0.001
632.008 0.001
632.330 0.001
632.653 0.001
632.976 0.001
633.299 0.001
633.623 0.001
633.947 0.001
634.271 0.001
634.596 0.001
634.921 0.001
635.246 0.001
635.572 0.001
635.897 0.001
636.224 0.001
636.550 0.001
636.877 0.001
637.205 0.001
637.532 0.001
637.860 0.001
638.188 0.001
638.517 0.001
638.846 0.001
639.175 0.001
639.505 0.001
639.835 0.001
640.165 0.001
640.496 0.001
640.827 0.001
641.158 0.001
641.490 0.001
641.822 0.001
642.154 0.001
642.487 0.001
642.820 0.001
643.154 0.001
643.487 0.001
643.821 0.001
644.156 0.001
644.491 0.001
644.826 0.001
645.161 0.001
645.497 0.001
645.833 0.001
646.170 0.001
646.507 0.001
646.844 0.001
647.182 0.001
647.520 0.001
647.858 0.001
648.197 0.001
648.536 0.001
648.875 0.001
649.215 0.001
649.555 0.001
649.895 0.001
650.236 0.001
650.577 0.001
650.919 0.001
651.261 0.001
651.603 0.001
651.945 0.001
652.288 0.001
652.632 0.001
652.975 0.001
653.319 0.001
653.664 0.001
654.008 0.001
654.354 0.001
654.699 0.001
655.045 0.001
655.391 0.001
655.738 0.001
656.085 0.001
656.432 0.001
656.780 0.001
657.128 0.001
657.476 0.001
657.825 0.001
658.174 0.001
658.524 0.001
658.874 0.001
659.224 0.001
659.574 0.001
659.925 0.001
660.277 0.001
660.629 0.001
660.981 0.001
661.333 0.001
661.686 0.001
662.040 0.001
662.393 0.001
662.747 0.001
663.102 0.001
663.456 0.001
663.812 0.001
664.167 0.001
664.523 0.001
664.879 0.001
665.236 0.001
665.593 0.001
665.951 0.001
666.308 0.001
666.667 0.001
667.025 0.001
667.384 0.001
667.744 0.001
668.103 0.001
668.464 0.001
668.824 0.001
669.185 0.001
669.546 0.001
669.908 0.001
670.270 0.001
670.633 0.001
670.996 0.001
671.359 0.001
671.723 0.001
672.087 0.001
672.451 0.001
672.816 0.001
673.181 0.001
673.547 0.001
673.913 0.001
674.279 0.001
674.646 0.001
675.014 0.001
675.381 0.001
675.749 0.001
676.118 0.001
676.487 0.001
676.856 0.001
677.226 0.001
677.596 0.001
677.966 0.001
678.337 0.001
678.708 0.001
679.080 0.001
679.452 0.001
679.825 0.001
680.197 0.001
680.571 0.001
680.945 0.001
681.319 0.001
681.693 0.001
682.068 0.001
682.444 0.001
682.819 0.001
683.196 0.001
683.572 0.001
683.949 0.001
684.327 0.001
684.705 0.001
685.083 0.001
685.462 0.001
685.841 0.001
686.220 0.001
686.600 0.001
686.981 0.001
687.361 0.002
687.743 0.002
688.124 0.002
688.506 0.002
688.889 0.002
689.272 0.002
689.655 0.002
690.039 0.002
690.423 0.002
690.808 0.002
691.193 0.002
691.578 0.002
691.964 0.002
692.351 0.002
692.737 0.002
693.125 0.002
693.512 0.002
693.900 0.002
694.289 0.002
694.678 0.002
695.067 0.002
695.457 0.002
695.847 0.002
696.238 0.002
696.629 0.002
697.021 0.002
697.413 0.002
697.805 0.002
698.198 0.002
698.592 0.002
698.985 0.002
699.380 0.002
699.774 0.002
700.169 0.002
700.565 0.002
700.961 0.002
701.357 0.002
701.754 0.002
702.152 0.002
702.550 0.002
702.948 0.002
703.347 0.002
703.746 0.002
704.145 0.002
704.545 0.002
704.946 0.002
705.347 0.002
705.748 0.002
706.150 0.002
706.553 0.002
706.956 0.002
707.359 0.002
707.763 0.002
708.167 0.002
708.571 0.002
708.977 0.002
709.382 0.002
709.788 0.002
710.195 0.002
710.602 0.002
711.009 0.002
711.417 0.002
711.825 0.002
712.234 0.002
712.644 0.002
713.053 0.002
713.464 0.002
713.874 0.002
714.286 0.002
714.697 0.002
715.110 0.002
715.522 0.002
715.935 0.002
716.349 0.002
716.763 0.002
717.178 0.002
717.593 0.002
718.008 0.002
718.424 0.002
718.841 0.002
719.258 0.002
719.675 0.002
720.093 0.002
720.511 0.002
720.930 0.002
721.350 0.002
721.769 0.003
722.190 0.003
722.611 0.003
723.032 0.003
723.454 0.003
723.876 0.003
724.299 0.003
724.722 0.003
725.146 0.003
725.571 0.003
725.995 0.003
726.421 0.003
726.846 0.003
727.273 0.003
727.700 0.003
728.127 0.003
728.555 0.003
728.983 0.003
729.412 0.003
729.841 0.003
730.271 0.003
730.701 0.003
731.132 0.003
731.563 0.003
731.995 0.003
732.428 0.003
732.861 0.003
733.294 0.003
733.728 0.003
734.162 0.003
734.597 0.003
735.033 0.003
735.469 0.003
735.905 0.003
736.342 0.003
736.780 0.003
737.218 0.004
737.656 0.004
738.095 0.004
738.535 0.004
738.975 0.004
739.416 0.004
739.857 0.004
740.299 0.004
740.741 0.004
741.184 0.004
741.627 0.004
742.071 0.004
742.515 0.004
742.960 0.004
743.405 0.004
743.851 0.004
744.298 0.004
744.745 0.004
745.192 0.004
745.640 0.005
746.089 0.005
746.538 0.005
746.988 0.005
747.438 0.005
747.889 0.005
748.340 0.005
748.792 0.005
749.245 0.005
749.698 0.005
750.151 0.005
750.605 0.005
751.060 0.006
751.515 0.006
751.971 0.006
752.427 0.006
752.884 0.006
753.341 0.006
753.799 0.006
754.258 0.006
754.717 0.006
755.177 0.007
755.637 0.007
756.098 0.007
756.559 0.007
757.021 0.007
757.483 0.007
757.946 0.008
758.410 0.008
758.874 0.008
759.339 0.008
759.804 0.008
760.270 0.009
760.736 0.009
761.203 0.009
761.671 0.010
762.139 0.010
762.608 0.010
763.077 0.011
763.547 0.011
764.017 0.011
764.488 0.012
764.960 0.012
765.432 0.013
765.905 0.013
766.378 0.014
766.852 0.015
767.327 0.016
767.802 0.016
768.278 0.017
768.754 0.018
769.231 0.020
769.708 0.021
770.186 0.022
770.665 0.024
771.144 0.026
771.624 0.028
772.105 0.031
772.586 0.034
773.067 0.038
773.550 0.043
774.032 0.048
774.516 0.056
775.000 0.065
775.485 0.077
775.970 0.093
776.456 0.116
776.942 0.149
777.429 0.198
777.917 0.274
778.406 0.398
778.894 0.595
779.384 0.855
779.874 1.000
780.365 0.855
780.856 0.597
781.348 0.403
781.841 0.282
782.334 0.210
782.828 0.164
783.323 0.136
783.818 0.117
784.314 0.105
784.810 0.097
785.307 0.093
785.805 0.092
786.303 0.093
786.802 0.096
787.302 0.102
787.802 0.111
788.303 0.122
788.804 0.137
789.306 0.156
789.809 0.179
790.312 0.207
790.816 0.238
791.321 0.274
791.826 0.312
792.332 0.353
792.839 0.394
793.346 0.433
793.854 0.469
794.363 0.500
794.872 0.524
795.382 0.539
795.892 0.546
796.403 0.543
796.915 0.531
797.428 0.512
797.941 0.487
798.455 0.458
798.969 0.427
799.484 0.396
800.000 0.367
800.516 0.341
801.034 0.319
801.551 0.303
802.070 0.291
802.589 0.284
803.109 0.282
803.629 0.283
804.150 0.287
804.672 0.293
805.195 0.301
805.718 0.310
806.242 0.319
806.766 0.329
807.292 0.339
807.818 0.349
808.344 0.359
808.871 0.368
809.399 0.378
809.928 0.386
810.458 0.394
810.988 0.402
811.518 0.408
812.050 0.414
812.582 0.417
813.115 0.420
813.648 0.420
814.183 0.420
814.717 0.417
815.253 0.413
815.789 0.408
816.327 0.403
816.864 0.396
817.403 0.390
817.942 0.384
818.482 0.378
819.022 0.373
819.564 0.368
820.106 0.365
820.649 0.362
821.192 0.361
821.736 0.359
822.281 0.359
822.827 0.359
823.373 0.359
823.920 0.359
824.468 0.359
825.017 0.359
825.566 0.358
826.116 0.358
826.667 0.357
827.218 0.356
827.770 0.355
828.323 0.353
828.877 0.352
829.431 0.350
829.987 0.349
830.543 0.347
831.099 0.345
831.657 0.343
832.215 0.342
832.774 0.340
833.333 0.338
833.894 0.336
834.455 0.335
835.017 0.334
835.580 0.332
836.143 0.332
836.707 0.331
837.272 0.330
837.838 0.330
838.404 0.330
838.972 0.330
839.540 0.331
840.108 0.331
840.678 0.331
841.248 0.331
841.819 0.331
842.391 0.331
842.964 0.331
843.537 0.330
844.112 0.330
844.687 0.329
845.262 0.328
845.839 0.327
846.416 0.326
846.995 0.324
847.573 0.322
848.153 0.320
848.734 0.318
849.315 0.315
849.897 0.312
850.480 0.309
851.064 0.305
851.648 0.302
852.234 0.298
852.820 0.295
853.407 0.292
853.994 0.290
854.583 0.288
855.172 0.286
855.763 0.286
856.354 0.285
856.945 0.285
857.538 0.286
858.131 0.287
858.726 0.289
859.321 0.290
859.917 0.292
860.514 0.294
861.111 0.297
861.710 0.299
862.309 0.302
862.909 0.304
863.510 0.307
864.111 0.310
864.714 0.313
865.318 0.316
865.922 0.319
866.527 0.321
867.133 0.324
867.740 0.326
868.347 0.328
868.956 0.329
869.565 0.330
870.175 0.330
870.787 0.329
871.398 0.328
872.011 0.327
872.625 0.326
873.239 0.324
873.855 0.322
874.471 0.320
875.088 0.318
875.706 0.316
876.325 0.315
876.945 0.313
877.565 0.312
878.187 0.311
878.809 0.310
879.433 0.310
880.057 0.310
880.682 0.310
881.308 0.311
881.935 0.313
882.562 0.314
883.191 0.316
883.820 0.318
884.451 0.321
885.082 0.323
885.714 0.324
886.347 0.326
886.981 0.327
887.616 0.327
888.252 0.327
888.889 0.327
889.527 0.326
890.165 0.325
890.805 0.323
891.445 0.321
892.086 0.319
892.729 0.317
893.372 0.316
894.016 0.314
894.661 0.312
895.307 0.310
895.954 0.308
896.602 0.307
897.250 0.306
897.900 0.304
898.551 0.303
899.202 0.302
899.855 0.302
900.508 0.301
901.163 0.300
901.818 0.300
902.475 0.300
903.132 0.299
903.790 0.299
904.449 0.298
905.109 0.298
905.771 0.297
906.433 0.297
907.096 0.296
907.760 0.295
908.425 0.294
909.091 0.293
909.758 0.291
910.426 0.290
911.095 0.288
911.765 0.286
912.436 0.284
913.108 0.282
913.780 0.281
914.454 0.279
915.129 0.277
915.805 0.275
916.482 0.274
917.160 0.272
917.839 0.270
918.519 0.269
919.199 0.268
919.881 0.266
920.564 0.265
921.248 0.264
921.933 0.262
922.619 0.261
923.306 0.260
923.994 0.258
924.683 0.257
925.373 0.256
926.064 0.254
926.756 0.253
927.450 0.252
928.144 0.250
928.839 0.249
929.535 0.247
930.233 0.245
930.931 0.244
931.630 0.242
932.331 0.240
933.032 0.239
933.735 0.237
934.439 0.235
935.143 0.233
935.849 0.231
936.556 0.230
937.264 0.228
937.973 0.226
938.683 0.225
939.394 0.223
940.106 0.221
940.819 0.220
941.534 0.218
942.249 0.217
942.966 0.216
943.683 0.214
944.402 0.213
945.122 0.211
945.843 0.210
946.565 0.209
947.288 0.208
948.012 0.206
948.738 0.205
949.464 0.204
950.192 0.202
950.920 0.201
951.650 0.200
952.381 0.198
953.113 0.197
953.846 0.196
954.580 0.194
955.316 0.193
956.052 0.191
956.790 0.190
957.529 0.189
958.269 0.187
959.010 0.186
959.752 0.184
960.496 0.183
961.240 0.182
961.986 0.180
962.733 0.179
963.481 0.178
964.230 0.176
964.981 0.175
965.732 0.174
966.485 0.173
967.239 0.171
967.994 0.170
968.750 0.169
969.507 0.168
970.266 0.167
971.026 0.166
971.787 0.165
972.549 0.164
973.312 0.163
974.077 0.162
974.843 0.161
975.610 0.160
976.378 0.159
977.147 0.159
977.918 0.158
978.690 0.157
979.463 0.156
980.237 0.155
981.013 0.154
981.789 0.153
982.567 0.152
983.347 0.152
984.127 0.151
984.909 0.150
985.692 0.149
986.476 0.148
987.261 0.147
988.048 0.146
988.836 0.146
989.625 0.145
990.415 0.144
991.207 0.143
992.000 0.142
992.794 0.142
993.590 0.141
994.387 0.140
995.185 0.139
995.984 0.139
996.785 0.138
997.586 0.137
998.390 0.136
999.194 0.136
1000.000 0.135
1000.807 0.134
1001.616 0.133
1002.425 0.133
1003.236 0.132
1004.049 0.131
1004.862 0.130
1005.677 0.130
1006.494 0.129
1007.311 0.128
1008.130 0.127
1008.950 0.126
1009.772 0.126
1010.595 0.125
1011.419 0.124
1012.245 0.123
1013.072 0.122
1013.900 0.122
1014.730 0.121
1015.561 0.120
1016.393 0.119
1017.227 0.118
1018.062 0.118
1018.899 0.117
1019.737 0.116
1020.576 0.115
1021.417 0.114
1022.259 0.114
1023.102 0.113
1023.947 0.112
1024.793 0.111
1025.641 0.111
1026.490 0.110
1027.341 0.109
1028.192 0.108
1029.046 0.108
1029.900 0.107
1030.756 0.106
1031.614 0.105
1032.473 0.104
1033.333 0.104
1034.195 0.103
1035.058 0.102
1035.923 0.101
1036.789 0.100
1037.657 0.100
1038.526 0.099
1039.396 0.098
1040.268 0.097
1041.142 0.097
1042.017 0.096
1042.893 0.095
1043.771 0.094
1044.650 0.093
1045.531 0.093
1046.414 0.092
1047.297 0.091
1048.183 0.090
1049.069 0.090
1049.958 0.089
1050.847 0.088
1051.739 0.088
1052.632 0.087
1053.526 0.086
1054.422 0.085
1055.319 0.085
1056.218 0.084
1057.118 0.083
1058.020 0.083
1058.924 0.082
1059.829 0.081
1060.736 0.080
1061.644 0.080
1062.554 0.079
1063.465 0.078
1064.378 0.078
1065.292 0.077
1066.208 0.076
1067.126 0.076
1068.045 0.075
1068.966 0.074
1069.888 0.073
1070.812 0.073
1071.737 0.072
1072.664 0.071
1073.593 0.071
1074.523 0.070
1075.455 0.070
1076.389 0.069
1077.324 0.068
1078.261 0.068
1079.199 0.067
1080.139 0.066
1081.081 0.066
1082.024 0.065
1082.969 0.065
1083.916 0.064
1084.864 0.063
1085.814 0.063
1086.766 0.062
1087.719 0.062
1088.674 0.061
1089.631 0.060
1090.589 0.060
1091.549 0.059
1092.511 0.059
1093.474 0.058
1094.440 0.058
1095.406 0.057
1096.375 0.057
1097.345 0.056
1098.317 0.055
1099.291 0.055
1100.266 0.054
1101.243 0.054
1102.222 0.053
1103.203 0.053
1104.185 0.052
1105.169 0.052
1106.155 0.051
1107.143 0.051
1108.132 0.050
1109.123 0.050
1110.116 0.049
1111.111 0.049
1112.108 0.049
1113.106 0.048
1114.106 0.048
1115.108 0.047
1116.112 0.047
1117.117 0.046
1118.124 0.046
1119.134 0.045
1120.145 0.045
1121.157 0.045
1122.172 0.044
1123.188 0.044
1124.207 0.043
1125.227 0.043
1126.249 0.043
1127.273 0.042
1128.298 0.042
1129.326 0.041
1130.356 0.041
1131.387 0.041
1132.420 0.040
1133.455 0.040
1134.492 0.039
1135.531 0.039
1136.572 0.039
1137.615 0.038
1138.659 0.038
1139.706 0.038
1140.754 0.037
1141.805 0.037
1142.857 0.037
1143.911 0.036
1144.968 0.036
1146.026 0.036
1147.086 0.035
1148.148 0.035
1149.212 0.035
1150.278 0.034
1151.346 0.034
1152.416 0.034
1153.488 0.033
1154.562 0.033
1155.638 0.033
1156.716 0.033
1157.796 0.032
1158.879 0.032
1159.963 0.032
1161.049 0.031
1162.137 0.031
1163.227 0.031
1164.319 0.030
1165.414 0.030
1166.510 0.030
1167.608 0.030
1168.709 0.029
1169.811 0.029
1170.916 0.029
1172.023 0.029
1173.132 0.028
1174.242 0.028
1175.355 0.028
1176.471 0.027
1177.588 0.027
1178.707 0.027
1179.829 0.027
1180.952 0.026
1182.078 0.026
1183.206 0.026
1184.336 0.026
1185.468 0.025
1186.603 0.025
1187.739 0.025
1188.878 0.025
1190.019 0.024
1191.162 0.024
1192.308 0.024
1193.455 0.024
1194.605 0.024
1195.757 0.023
1196.911 0.023
1198.068 0.023
1199.226 0.023
1200.387 0.022
1201.550 0.022
1202.716 0.022
1203.883 0.022
1205.053 0.021
1206.226 0.021
1207.400 0.021
1208.577 0.021
1209.756 0.021
1210.938 0.020
1212.121 0.020
1213.307 0.020
1214.496 0.020
1215.686 0.020
1216.879 0.019
1218.075 0.019
1219.272 0.019
1220.472 0.019
1221.675 0.019
1222.880 0.018
1224.087 0.018
1225.296 0.018
1226.508 0.018
1227.723 0.018
1228.940 0.017
1230.159 0.017
1231.380 0.017
1232.604 0.017
1233.831 0.017
1235.060 0.017
1236.291 0.016
1237.525 0.016
1238.761 0.016
